server/spec/dem-tests/savona/savona.asc
ncols        257
nrows        129
xllcorner    6.351471000000
yllcorner    44.903870000000
dx           0.000277863813
dy           0.000276782946
NODATA_value -32768
[rows 38 to 75 of 129, columns 84 to 167 of 257]
3482 3466 3452 3436 3424 3400 3384 3378 3367 3344 3307 3286 3261 3220 3177 3151 3121 3095 3075 3063 3058 3062 3057 3065 3075 3085 3099 3112 3123 3133 3139 3142 3141 3151 3161 3165 3149 3138 3104 3067 3036 3007 2993 2961 2927 2913 2895 2889 2887 2883 2886 2897 2907 2900 2895 2901 2889 2885 2886 2896 2891 2876 2864 2858 2836 2822 2823 2811 2809 2805 2817 2816 2798 2778 2758 2689 2671 2660 2633 2633 2605 2605 2608 2593
3444 3405 3395 3395 3384 3381 3377 3367 3349 3319 3292 3267 3218 3181 3149 3126 3087 3060 3051 3051 3050 3047 3047 3047 3049 3066 3083 3096 3105 3110 3110 3112 3119 3122 3131 3138 3145 3121 3110 3060 3037 3012 2976 2946 2917 2894 2882 2868 2864 2858 2855 2863 2874 2884 2879 2873 2864 2869 2863 2856 2858 2858 2812 2799 2799 2802 2787 2783 2785 2773 2774 2776 2754 2757 2692 2668 2638 2622 2583 2581 2588 2577 2574 2574
3393 3373 3364 3361 3359 3349 3346 3337 3317 3306 3268 3219 3183 3148 3127 3087 3061 3040 3035 3038 3035 3032 3026 3023 3021 3035 3059 3076 3084 3084 3092 3096 3103 3111 3116 3118 3122 3111 3094 3045 3032 2987 2950 2939 2908 2885 2869 2857 2848 2835 2834 2830 2842 2849 2855 2849 2847 2842 2849 2845 2843 2808 2803 2794 2795 2779 2779 2771 2762 2765 2723 2723 2707 2678 2668 2635 2613 2584 2540 2538 2535 2549 2542 2516
3371 3355 3348 3346 3330 3326 3321 3313 3304 3271 3239 3197 3156 3129 3083 3052 3036 3024 3021 3017 3016 3012 3002 2999 3006 3014 3032 3040 3059 3067 3073 3079 3084 3091 3099 3106 3102 3091 3057 3037 3016 2991 2948 2916 2890 2876 2864 2847 2832 2820 2815 2818 2820 2816 2821 2822 2827 2831 2825 2830 2819 2809 2802 2793 2777 2771 2765 2757 2742 2721 2721 2705 2677 2668 2647 2630 2578 2544 2522 2520 2506 2511 2498 2504
3340 3323 3307 3302 3295 3295 3298 3287 3270 3245 3215 3174 3133 3096 3055 3040 3027 3019 3002 2997 2990 2991 2987 2980 2987 2997 3009 3014 3025 3038 3045 3053 3060 3065 3077 3081 3077 3054 3035 3020 2984 2959 2931 2909 2880 2872 2857 2837 2817 2801 2799 2793 2792 2791 2797 2798 2803 2807 2814 2819 2810 2808 2789 2779 2770 2764 2756 2734 2714 2710 2697 2690 2675 2640 2625 2606 2568 2529 2519 2506 2494 2490 2488 2487
3304 3296 3284 3285 3271 3267 3260 3252 3236 3226 3196 3154 3109 3071 3053 3033 3019 3007 2996 2988 2984 2977 2971 2967 2972 2977 2981 2991 3006 3017 3026 3032 3037 3048 3054 3048 3031 3019 2996 2978 2963 2934 2934 2893 2870 2857 2836 2822 2799 2786 2777 2773 2776 2774 2769 2765 2773 2781 2792 2798 2798 2794 2775 2770 2761 2752 2737 2719 2706 2693 2684 2672 2657 2633 2629 2573 2546 2528 2512 2493 2485 2466 2464 2455
3275 3270 3260 3253 3250 3247 3242 3234 3225 3217 3164 3123 3067 3056 3045 3036 3019 2991 2977 2970 2966 2963 2954 2955 2961 2963 2968 2976 2985 2997 3009 3018 3031 3035 3036 3028 3022 3002 2968 2962 2936 2930 2891 2871 2845 2839 2820 2800 2776 2756 2750 2750 2744 2752 2758 2759 2760 2764 2768 2773 2778 2772 2758 2745 2744 2733 2722 2708 2694 2677 2666 2663 2634 2630 2600 2578 2551 2520 2508 2491 2461 2459 2453 2438
3249 3237 3228 3222 3218 3216 3219 3222 3219 3171 3144 3114 3066 3051 3042 3020 3002 2979 2964 2953 2943 2942 2942 2935 2937 2941 2947 2952 2962 2971 2989 3005 3021 3023 3021 2995 2959 2952 2933 2931 2914 2887 2842 2839 2829 2812 2793 2775 2751 2723 2721 2725 2726 2728 2734 2742 2751 2751 2747 2748 2745 2743 2729 2728 2722 2714 2685 2682 2669 2652 2647 2640 2631 2602 2582 2570 2552 2519 2502 2495 2459 2455 2435 2420
3227 3216 3207 3201 3197 3193 3193 3197 3178 3169 3138 3090 3059 3046 3037 3016 2987 2961 2944 2936 2929 2925 2922 2914 2919 2922 2928 2930 2940 2951 2966 2975 2974 2973 2969 2958 2937 2915 2891 2863 2851 2843 2842 2824 2819 2790 2770 2736 2713 2697 2688 2685 2684 2694 2716 2716 2720 2723 2723 2722 2712 2715 2703 2710 2696 2680 2673 2641 2630 2629 2618 2610 2601 2585 2570 2563 2536 2509 2505 2489 2464 2445 2421 2408
3211 3198 3188 3180 3172 3168 3165 3170 3162 3139 3107 3080 3061 3033 3031 2993 2968 2947 2933 2925 2913 2901 2908 2906 2897 2901 2907 2911 2922 2932 2947 2954 2960 2958 2945 2924 2910 2888 2860 2817 2815 2818 2816 2811 2794 2771 2740 2705 2683 2660 2649 2642 2646 2682 2680 2693 2696 2700 2693 2694 2691 2693 2686 2685 2667 2660 2630 2613 2596 2594 2589 2579 2575 2567 2559 2541 2519 2514 2508 2488 2460 2433 2406 2405
3196 3185 3171 3155 3146 3143 3144 3142 3136 3119 3085 3062 3055 3039 3019 2986 2958 2942 2925 2907 2897 2893 2888 2882 2881 2883 2882 2885 2895 2914 2927 2932 2934 2927 2905 2885 2849 2827 2805 2788 2791 2781 2777 2777 2755 2718 2688 2669 2662 2653 2652 2642 2641 2649 2662 2674 2679 2680 2685 2673 2673 2676 2676 2667 2652 2635 2616 2585 2564 2560 2558 2536 2526 2526 2520 2521 2510 2505 2492 2469 2455 2424 2403 2396
3186 3170 3151 3138 3130 3121 3117 3116 3118 3084 3062 3060 3034 3020 2986 2960 2944 2925 2912 2901 2892 2885 2867 2862 2860 2856 2853 2854 2863 2877 2897 2915 2922 2896 2873 2832 2806 2776 2761 2759 2764 2756 2750 2737 2720 2695 2665 2661 2651 2645 2624 2624 2621 2637 2640 2650 2655 2654 2645 2646 2647 2645 2636 2631 2616 2593 2561 2555 2528 2535 2532 2514 2514 2513 2494 2482 2488 2484 2466 2457 2441 2419 2393 2388
3168 3157 3143 3131 3122 3107 3102 3094 3085 3061 3055 3021 2982 2970 2936 2928 2924 2917 2904 2898 2889 2863 2845 2850 2844 2840 2834 2836 2844 2853 2859 2858 2870 2850 2833 2803 2773 2753 2748 2738 2745 2737 2728 2709 2687 2679 2661 2649 2635 2627 2609 2609 2611 2613 2617 2628 2633 2636 2631 2631 2631 2629 2605 2602 2565 2552 2514 2508 2514 2516 2509 2512 2495 2478 2470 2463 2463 2453 2445 2439 2416 2396 2373 2351
3148 3141 3133 3124 3109 3098 3084 3057 3058 3052 3021 2989 2975 2931 2923 2921 2914 2904 2897 2885 2870 2846 2837 2836 2834 2827 2825 2828 2835 2841 2842 2844 2839 2829 2793 2777 2750 2734 2728 2712 2713 2703 2690 2686 2674 2668 2650 2637 2621 2608 2596 2591 2584 2585 2593 2590 2595 2600 2604 2595 2595 2579 2582 2547 2546 2515 2508 2499 2484 2484 2480 2486 2483 2474 2461 2446 2436 2431 2424 2416 2403 2378 2351 2337
3127 3132 3129 3116 3103 3083 3063 3042 3047 3019 2998 2990 2955 2933 2921 2907 2898 2888 2876 2858 2843 2828 2829 2829 2822 2823 2812 2815 2823 2826 2830 2811 2801 2776 2767 2755 2740 2719 2700 2699 2691 2683 2675 2665 2661 2651 2634 2617 2602 2588 2575 2566 2565 2563 2567 2565 2565 2562 2569 2568 2561 2554 2553 2521 2516 2515 2490 2483 2474 2467 2469 2464 2460 2454 2442 2421 2412 2407 2404 2392 2379 2353 2342 2317
3107 3116 3115 3107 3086 3059 3036 3031 3011 2994 2983 2961 2950 2924 2916 2906 2885 2862 2842 2843 2833 2819 2818 2815 2812 2802 2799 2803 2807 2810 2812 2793 2776 2769 2752 2733 2722 2695 2692 2668 2664 2666 2655 2645 2633 2617 2605 2580 2577 2567 2562 2552 2542 2535 2532 2531 2537 2537 2544 2544 2537 2531 2513 2508 2510 2493 2477 2454 2444 2451 2444 2445 2441 2428 2410 2399 2388 2384 2375 2367 2351 2345 2307 2271
3067 3073 3077 3065 3048 3033 3006 2989 2987 2980 2962 2946 2937 2916 2901 2877 2868 2844 2840 2831 2823 2818 2817 2808 2801 2794 2792 2790 2788 2783 2778 2774 2764 2756 2734 2725 2707 2694 2667 2665 2653 2644 2628 2620 2605 2586 2566 2562 2559 2550 2541 2534 2520 2512 2506 2503 2503 2502 2500 2519 2515 2502 2503 2491 2476 2468 2456 2446 2436 2430 2420 2414 2410 2397 2381 2374 2370 2358 2350 2346 2338 2300 2269 2242
3027 3027 3030 3032 3025 3006 2987 2975 2962 2946 2940 2934 2923 2897 2883 2862 2840 2839 2829 2821 2808 2806 2799 2785 2787 2776 2780 2766 2760 2754 2758 2765 2747 2727 2726 2719 2708 2686 2667 2655 2633 2623 2609 2600 2586 2572 2567 2553 2546 2536 2522 2499 2498 2489 2490 2485 2494 2497 2475 2477 2481 2472 2464 2459 2446 2442 2443 2432 2426 2410 2394 2375 2368 2368 2362 2355 2342 2338 2334 2318 2296 2258 2234 2230
2993 2993 2997 2996 2990 2987 2977 2964 2945 2935 2929 2915 2903 2890 2876 2853 2837 2833 2826 2808 2795 2791 2787 2782 2770 2757 2748 2732 2734 2721 2712 2715 2715 2715 2717 2708 2702 2683 2662 2638 2621 2603 2596 2588 2573 2559 2547 2535 2531 2502 2484 2479 2476 2474 2481 2479 2473 2459 2456 2457 2452 2449 2436 2428 2421 2425 2416 2405 2395 2380 2355 2342 2343 2346 2340 2335 2325 2307 2302 2277 2255 2241 2207 2185
2971 2976 2980 2979 2978 2974 2967 2957 2942 2928 2909 2899 2892 2876 2868 2857 2842 2835 2808 2799 2784 2775 2768 2762 2763 2740 2727 2728 2721 2713 2694 2686 2690 2704 2701 2705 2680 2666 2652 2633 2617 2595 2584 2576 2559 2540 2527 2515 2509 2485 2474 2466 2464 2464 2451 2454 2451 2451 2444 2440 2436 2430 2419 2415 2401 2390 2387 2376 2363 2345 2332 2329 2325 2330 2325 2315 2302 2281 2273 2252 2243 2212 2198 2185
2940 2947 2955 2959 2966 2960 2952 2941 2928 2914 2893 2890 2878 2864 2855 2847 2838 2821 2808 2785 2773 2761 2763 2748 2720 2716 2698 2692 2693 2687 2685 2673 2676 2686 2686 2679 2669 2656 2644 2628 2609 2585 2572 2552 2538 2521 2518 2506 2489 2479 2465 2456 2444 2439 2431 2418 2419 2429 2428 2427 2426 2419 2408 2397 2379 2361 2352 2348 2344 2331 2330 2323 2311 2306 2284 2287 2280 2276 2264 2250 2234 2212 2201 2188
2917 2926 2936 2941 2942 2939 2934 2934 2922 2907 2884 2866 2851 2852 2844 2838 2825 2826 2791 2783 2761 2746 2735 2722 2710 2691 2683 2665 2672 2675 2671 2669 2668 2667 2672 2660 2648 2641 2632 2613 2591 2569 2548 2528 2516 2508 2495 2488 2476 2463 2447 2436 2421 2409 2395 2389 2401 2410 2406 2409 2406 2404 2389 2373 2348 2338 2330 2326 2322 2317 2310 2305 2308 2288 2275 2271 2269 2268 2262 2243 2229 2214 2204 2193
2900 2907 2915 2918 2916 2920 2926 2919 2907 2888 2865 2851 2844 2825 2832 2827 2824 2798 2781 2770 2748 2734 2721 2711 2700 2687 2659 2657 2653 2657 2645 2646 2652 2658 2646 2643 2636 2629 2609 2592 2571 2551 2527 2518 2506 2494 2485 2473 2469 2446 2438 2420 2407 2389 2382 2385 2386 2400 2394 2394 2384 2371 2353 2342 2324 2307 2300 2295 2292 2290 2286 2289 2286 2281 2267 2272 2269 2265 2250 2239 2221 2211 2203 2198
2879 2884 2896 2900 2903 2907 2912 2895 2871 2862 2840 2836 2822 2809 2806 2804 2793 2780 2766 2753 2734 2716 2708 2694 2680 2661 2649 2642 2633 2608 2610 2619 2639 2639 2630 2623 2611 2595 2582 2566 2549 2535 2525 2508 2492 2494 2479 2471 2452 2440 2424 2412 2394 2374 2365 2364 2364 2363 2358 2360 2352 2342 2311 2298 2290 2287 2279 2279 2275 2272 2276 2273 2267 2269 2264 2263 2259 2253 2246 2236 2222 2211 2204 2196
2858 2861 2869 2863 2877 2883 2884 2855 2852 2833 2823 2820 2800 2793 2796 2791 2767 2757 2740 2730 2712 2697 2685 2673 2661 2648 2634 2618 2611 2613 2600 2606 2616 2616 2599 2593 2583 2567 2559 2554 2545 2530 2512 2488 2490 2473 2466 2452 2442 2421 2409 2396 2380 2369 2353 2351 2347 2341 2335 2330 2321 2311 2291 2284 2281 2278 2277 2274 2274 2280 2276 2271 2265 2261 2258 2257 2253 2248 2241 2219 2214 2203 2196 2186
2828 2836 2843 2838 2841 2838 2843 2826 2818 2819 2800 2804 2791 2786 2782 2769 2749 2736 2716 2696 2683 2672 2664 2654 2642 2641 2615 2613 2604 2591 2586 2585 2582 2581 2579 2577 2568 2556 2549 2541 2531 2508 2497 2477 2467 2465 2449 2431 2421 2409 2395 2380 2364 2354 2347 2345 2334 2329 2324 2319 2313 2303 2295 2288 2280 2277 2285 2287 2284 2279 2276 2269 2262 2260 2257 2254 2246 2236 2212 2212 2204 2196 2183 2187
2796 2808 2810 2815 2815 2820 2815 2812 2792 2797 2798 2784 2775 2771 2758 2751 2730 2706 2689 2672 2660 2655 2647 2631 2626 2610 2602 2595 2588 2585 2574 2570 2568 2574 2569 2566 2551 2546 2537 2527 2513 2497 2469 2464 2452 2442 2434 2420 2405 2396 2382 2372 2365 2346 2341 2334 2323 2317 2315 2313 2307 2300 2296 2292 2290 2286 2284 2287 2283 2280 2277 2265 2244 2247 2237 2218 2211 2198 2193 2198 2195 2190 2185 2187
2781 2785 2786 2791 2798 2809 2803 2792 2785 2780 2778 2776 2760 2748 2732 2722 2712 2696 2675 2654 2652 2641 2630 2628 2613 2605 2594 2583 2579 2569 2557 2559 2560 2562 2547 2539 2534 2525 2521 2513 2490 2475 2463 2450 2437 2433 2415 2407 2391 2382 2368 2366 2353 2344 2338 2326 2319 2313 2310 2308 2305 2303 2304 2300 2298 2293 2287 2285 2282 2275 2270 2237 2221 2209 2212 2194 2190 2188 2182 2177 2188 2185 2180 2187
2759 2766 2768 2775 2782 2781 2784 2772 2773 2763 2758 2761 2745 2736 2722 2710 2701 2689 2657 2652 2639 2631 2620 2608 2604 2593 2581 2569 2560 2560 2555 2551 2544 2537 2527 2523 2518 2514 2504 2496 2473 2468 2459 2443 2432 2421 2411 2398 2385 2371 2363 2346 2342 2339 2332 2326 2323 2318 2313 2312 2312 2312 2305 2300 2296 2290 2285 2280 2271 2262 2232 2212 2207 2199 2190 2183 2182 2177 2176 2175 2172 2177 2179 2181
2737 2746 2750 2751 2769 2776 2765 2755 2749 2741 2740 2736 2730 2714 2707 2694 2685 2666 2650 2634 2631 2617 2601 2586 2575 2570 2565 2553 2548 2543 2542 2534 2524 2513 2506 2510 2506 2501 2501 2487 2470 2456 2445 2431 2421 2411 2401 2388 2371 2366 2358 2347 2335 2338 2337 2335 2333 2325 2321 2319 2317 2310 2303 2299 2283 2273 2262 2251 2242 2220 2201 2191 2190 2188 2187 2184 2181 2179 2172 2173 2169 2173 2189 2182
2710 2717 2736 2742 2746 2750 2752 2748 2742 2734 2728 2717 2715 2700 2688 2673 2658 2655 2634 2625 2605 2593 2580 2559 2561 2554 2547 2551 2537 2528 2523 2514 2504 2498 2498 2492 2499 2489 2483 2471 2459 2441 2431 2422 2412 2406 2388 2375 2368 2367 2358 2347 2340 2342 2341 2338 2334 2331 2325 2319 2305 2291 2287 2287 2271 2258 2244 2230 2217 2205 2195 2188 2186 2186 2183 2180 2177 2173 2176 2166 2171 2184 2182 2186
2694 2701 2718 2722 2720 2727 2734 2734 2738 2719 2711 2682 2672 2675 2667 2651 2638 2628 2611 2600 2592 2563 2548 2543 2516 2520 2518 2531 2526 2518 2512 2501 2492 2481 2480 2476 2481 2481 2467 2459 2445 2436 2429 2419 2410 2401 2390 2378 2370 2365 2363 2356 2347 2342 2339 2336 2332 2325 2317 2297 2288 2278 2275 2262 2252 2238 2232 2226 2214 2207 2201 2198 2196 2195 2191 2185 2180 2174 2177 2175 2179 2181 2185 2184
2677 2683 2689 2697 2710 2713 2719 2719 2718 2685 2683 2676 2641 2640 2637 2637 2618 2606 2598 2588 2567 2547 2537 2521 2521 2521 2514 2518 2513 2505 2496 2486 2476 2470 2466 2460 2455 2457 2451 2439 2431 2431 2421 2417 2410 2393 2383 2379 2369 2362 2356 2350 2344 2339 2334 2327 2317 2309 2298 2287 2276 2264 2254 2247 2240 2233 2231 2223 2210 2209 2203 2202 2200 2196 2190 2193 2186 2182 2184 2182 2181 2182 2184 2186
2659 2663 2667 2674 2687 2685 2681 2668 2674 2663 2638 2631 2632 2639 2613 2593 2581 2576 2569 2559 2544 2535 2528 2512 2510 2506 2503 2508 2501 2496 2490 2479 2470 2460 2451 2449 2448 2444 2440 2425 2423 2428 2417 2410 2404 2393 2385 2377 2371 2366 2361 2352 2340 2332 2322 2314 2308 2297 2291 2281 2269 2260 2251 2244 2239 2237 2233 2227 2218 2214 2206 2204 2202 2195 2190 2187 2185 2186 2192 2188 2187 2181 2180 2195
2641 2637 2643 2641 2637 2634 2625 2619 2625 2623 2605 2602 2604 2588 2577 2567 2564 2559 2551 2541 2530 2525 2516 2506 2502 2502 2499 2498 2486 2488 2484 2474 2462 2452 2452 2443 2437 2436 2432 2423 2417 2412 2408 2404 2397 2391 2382 2370 2367 2360 2350 2339 2331 2323 2318 2311 2301 2298 2292 2287 2273 2259 2259 2253 2247 2242 2238 2223 2222 2220 2212 2208 2203 2198 2195 2195 2197 2192 2189 2192 2193 2195 2213 2209
2632 2626 2625 2620 2613 2592 2588 2589 2566 2565 2563 2556 2550 2553 2546 2540 2532 2526 2529 2522 2509 2511 2506 2498 2488 2487 2485 2481 2475 2474 2473 2469 2464 2449 2449 2443 2435 2433 2429 2425 2416 2409 2403 2397 2390 2378 2375 2361 2351 2347 2338 2333 2328 2321 2319 2313 2309 2301 2295 2292 2272 2263 2264 2255 2254 2249 2244 2234 2224 2217 2214 2211 2207 2206 2206 2210 2210 2204 2207 2208 2208 2210 2241 2270
2613 2610 2606 2596 2585 2586 2574 2570 2563 2557 2549 2543 2537 2533 2528 2524 2511 2506 2501 2498 2494 2496 2491 2486 2483 2479 2476 2473 2471 2470 2469 2465 2459 2454 2452 2444 2436 2430 2425 2421 2412 2405 2394 2381 2377 2365 2359 2347 2340 2336 2332 2329 2327 2330 2320 2311 2310 2307 2301 2294 2290 2270 2262 2257 2254 2250 2247 2242 2236 2218 2216 2217 2235 2230 2224 2249 2243 2246 2258 2264 2273 2294 2288 2315
2588 2587 2585 2580 2576 2572 2562 2555 2548 2544 2540 2533 2528 2522 2516 2507 2499 2489 2485 2483 2482 2482 2481 2479 2476 2476 2475 2472 2470 2469 2467 2462 2457 2452 2445 2438 2431 2424 2418 2409 2399 2390 2384 2375 2369 2365 2358 2346 2342 2339 2335 2335 2327 2325 2322 2314 2308 2305 2302 2297 2294 2273 2265 2259 2263 2254 2252 2248 2238 2235 2235 2234 2260 2288 2290 2282 2276 2286 2290 2310 2319 2317 2324 2336
