server/spec/dem-tests/savona/savona.asc
ncols        257
nrows        129
xllcorner    6.351471000000
yllcorner    44.903870000000
dx           0.000277863813
dy           0.000276782946
NODATA_value -32768
[rows 38 to 75 of 129, columns 0 to 83 of 257]
3155 3183 3211 3240 3273 3307 3341 3381 3422 3462 3508 3554 3599 3613 3635 3647 3642 3630 3631 3623 3616 3607 3601 3607 3588 3588 3575 3572 3566 3556 3558 3553 3548 3545 3539 3532 3532 3536 3530 3534 3536 3534 3535 3535 3533 3533 3539 3551 3558 3565 3568 3577 3588 3593 3602 3605 3621 3625 3629 3622 3618 3592 3579 3573 3566 3558 3559 3556 3555 3553 3553 3538 3528 3520 3516 3522 3517 3519 3525 3529 3531 3521 3511 3498
3194 3226 3257 3288 3322 3356 3390 3428 3465 3503 3543 3583 3624 3641 3657 3660 3658 3656 3652 3640 3637 3623 3628 3629 3620 3611 3614 3591 3584 3580 3568 3571 3570 3564 3556 3551 3552 3554 3548 3550 3552 3552 3558 3558 3560 3562 3570 3577 3582 3590 3595 3608 3611 3621 3639 3647 3653 3638 3634 3626 3612 3589 3578 3567 3564 3563 3562 3553 3554 3560 3552 3543 3535 3519 3521 3516 3522 3519 3521 3521 3522 3504 3499 3474
3234 3268 3303 3337 3371 3406 3440 3474 3509 3543 3578 3613 3648 3660 3668 3668 3665 3667 3663 3658 3647 3637 3636 3645 3642 3633 3624 3612 3609 3603 3599 3597 3594 3593 3586 3574 3572 3576 3574 3575 3574 3570 3580 3583 3583 3586 3590 3600 3608 3613 3617 3618 3625 3644 3653 3660 3663 3648 3632 3606 3585 3578 3563 3566 3561 3547 3540 3534 3528 3533 3535 3539 3516 3493 3494 3496 3502 3501 3493 3497 3497 3478 3457 3437
3301 3335 3370 3404 3438 3472 3506 3539 3573 3607 3629 3652 3674 3680 3679 3678 3675 3677 3679 3677 3667 3663 3660 3655 3653 3650 3642 3630 3623 3627 3623 3620 3617 3612 3601 3597 3595 3599 3602 3595 3596 3594 3599 3604 3609 3610 3613 3623 3633 3642 3645 3649 3655 3660 3662 3663 3662 3631 3610 3592 3568 3553 3543 3534 3523 3519 3513 3505 3496 3499 3494 3481 3455 3439 3445 3447 3461 3465 3454 3459 3454 3424 3410 3388
3368 3402 3437 3471 3504 3538 3571 3604 3637 3670 3680 3691 3694 3703 3700 3696 3690 3690 3693 3690 3687 3679 3673 3664 3662 3656 3650 3646 3641 3640 3636 3638 3634 3630 3618 3617 3622 3615 3620 3613 3613 3614 3625 3637 3643 3643 3645 3651 3655 3658 3671 3675 3678 3681 3671 3664 3641 3616 3589 3572 3560 3529 3511 3500 3495 3499 3484 3473 3462 3462 3450 3437 3433 3419 3425 3422 3437 3436 3436 3428 3406 3389 3369 3349
3435 3469 3504 3538 3571 3604 3637 3669 3702 3734 3712 3712 3716 3711 3710 3709 3708 3707 3707 3704 3697 3692 3684 3675 3671 3667 3663 3662 3655 3654 3652 3651 3646 3642 3637 3634 3631 3632 3632 3634 3639 3647 3653 3659 3666 3670 3674 3678 3687 3691 3691 3695 3700 3692 3677 3657 3640 3610 3566 3550 3531 3504 3495 3480 3462 3454 3445 3430 3428 3422 3422 3403 3389 3387 3387 3383 3388 3390 3385 3373 3361 3356 3345 3329
3489 3520 3552 3583 3613 3642 3672 3695 3719 3730 3728 3725 3721 3713 3717 3715 3716 3716 3713 3711 3707 3701 3694 3687 3679 3676 3677 3676 3675 3675 3662 3662 3659 3656 3649 3650 3650 3651 3654 3653 3657 3660 3663 3672 3681 3694 3696 3704 3709 3713 3715 3716 3715 3698 3679 3650 3617 3594 3546 3538 3506 3498 3487 3460 3438 3416 3399 3396 3397 3396 3394 3372 3354 3347 3336 3332 3335 3345 3340 3345 3343 3329 3311 3289
3543 3571 3600 3628 3654 3681 3707 3721 3736 3745 3738 3735 3731 3726 3726 3724 3725 3722 3723 3720 3716 3715 3710 3698 3693 3695 3695 3700 3698 3693 3687 3673 3669 3666 3665 3666 3663 3666 3666 3670 3672 3675 3679 3690 3696 3703 3714 3722 3726 3725 3726 3720 3717 3700 3679 3653 3596 3552 3538 3510 3500 3465 3451 3428 3402 3387 3378 3365 3356 3343 3320 3322 3316 3308 3305 3315 3311 3312 3316 3308 3305 3296 3273 3259
3597 3622 3648 3673 3696 3719 3742 3747 3753 3762 3755 3754 3746 3744 3747 3747 3744 3741 3736 3735 3726 3729 3725 3715 3710 3711 3711 3713 3710 3706 3699 3690 3685 3685 3681 3675 3676 3678 3684 3687 3692 3695 3700 3709 3715 3722 3731 3736 3740 3733 3724 3714 3714 3684 3670 3630 3570 3539 3511 3495 3460 3425 3399 3369 3365 3351 3338 3324 3316 3306 3300 3291 3280 3280 3282 3285 3292 3291 3289 3285 3279 3263 3248 3244
3643 3667 3692 3717 3736 3754 3773 3776 3778 3792 3786 3779 3772 3767 3765 3764 3761 3761 3765 3760 3750 3747 3740 3735 3727 3720 3723 3714 3714 3712 3709 3705 3711 3709 3704 3692 3693 3699 3704 3718 3716 3719 3722 3726 3734 3745 3751 3754 3750 3747 3723 3700 3682 3663 3632 3578 3545 3521 3494 3466 3418 3397 3354 3352 3329 3308 3291 3283 3285 3285 3272 3266 3249 3244 3254 3250 3256 3259 3260 3266 3258 3252 3241 3221
3688 3712 3736 3760 3775 3790 3805 3804 3824 3836 3826 3816 3810 3801 3792 3788 3777 3776 3781 3774 3765 3761 3759 3755 3749 3749 3748 3744 3732 3726 3718 3719 3721 3727 3729 3731 3722 3722 3725 3731 3733 3736 3738 3745 3755 3764 3767 3767 3744 3717 3702 3686 3651 3629 3586 3536 3516 3495 3459 3423 3386 3354 3336 3320 3303 3283 3272 3269 3266 3258 3248 3218 3193 3192 3190 3200 3203 3213 3220 3223 3219 3225 3219 3202
3708 3757 3781 3804 3815 3825 3836 3848 3867 3866 3859 3850 3843 3834 3828 3826 3811 3805 3808 3802 3791 3783 3787 3780 3776 3765 3760 3757 3752 3748 3740 3739 3739 3742 3745 3747 3744 3746 3743 3749 3756 3758 3752 3753 3766 3768 3772 3767 3742 3717 3697 3655 3621 3580 3537 3511 3478 3450 3417 3380 3359 3337 3310 3291 3268 3255 3235 3237 3220 3222 3203 3189 3178 3170 3154 3151 3159 3166 3174 3182 3193 3196 3199 3197
3743 3772 3801 3830 3844 3857 3875 3877 3884 3883 3878 3871 3856 3862 3852 3846 3844 3844 3839 3836 3827 3810 3807 3798 3794 3788 3775 3761 3753 3752 3763 3763 3763 3770 3775 3776 3780 3768 3767 3767 3770 3764 3760 3758 3757 3755 3746 3730 3718 3695 3656 3627 3575 3543 3513 3472 3441 3405 3370 3352 3330 3305 3279 3249 3228 3207 3199 3187 3180 3180 3164 3147 3127 3127 3127 3131 3133 3136 3142 3156 3168 3180 3178 3176
3751 3786 3822 3851 3878 3897 3926 3915 3918 3916 3912 3903 3899 3892 3886 3879 3868 3855 3859 3860 3854 3841 3839 3831 3830 3821 3815 3796 3786 3783 3800 3795 3790 3790 3803 3798 3799 3794 3791 3784 3779 3774 3775 3764 3752 3740 3718 3696 3678 3647 3617 3554 3539 3510 3487 3446 3399 3364 3350 3327 3301 3269 3237 3208 3177 3170 3162 3145 3143 3140 3126 3116 3111 3109 3105 3106 3103 3103 3107 3114 3123 3136 3146 3151
3760 3801 3842 3871 3916 3928 3937 3966 3967 3962 3960 3947 3937 3927 3919 3908 3901 3886 3888 3879 3881 3868 3863 3858 3851 3849 3840 3844 3837 3841 3837 3833 3818 3808 3806 3802 3807 3814 3804 3795 3795 3796 3781 3778 3759 3741 3711 3681 3651 3609 3559 3548 3522 3488 3453 3402 3369 3356 3335 3319 3276 3236 3188 3167 3148 3121 3118 3095 3100 3108 3107 3099 3094 3089 3090 3085 3086 3087 3090 3096 3100 3102 3114 3121
3762 3803 3843 3884 3914 3939 3967 3974 3979 3979 3976 3967 3955 3948 3941 3935 3925 3918 3912 3906 3899 3886 3873 3868 3867 3874 3869 3871 3871 3869 3874 3872 3848 3838 3831 3831 3822 3821 3814 3818 3809 3801 3792 3766 3739 3713 3680 3647 3610 3556 3550 3529 3492 3463 3425 3398 3367 3340 3323 3288 3248 3195 3155 3136 3115 3101 3087 3074 3064 3067 3068 3069 3065 3061 3058 3050 3055 3056 3060 3067 3079 3084 3092 3102
3763 3804 3845 3886 3913 3944 3964 3970 3976 3985 3986 3974 3963 3948 3948 3941 3934 3928 3929 3921 3916 3901 3887 3882 3879 3878 3886 3888 3890 3900 3911 3909 3875 3882 3863 3846 3839 3835 3838 3840 3823 3806 3789 3754 3719 3684 3648 3612 3575 3548 3515 3489 3460 3432 3412 3388 3364 3330 3295 3259 3200 3162 3132 3120 3105 3089 3061 3049 3050 3047 3045 3035 3026 3028 3028 3026 3025 3028 3031 3037 3043 3048 3053 3063
3765 3806 3846 3887 3900 3925 3942 3963 3971 3975 3979 3972 3966 3956 3949 3947 3945 3940 3936 3937 3930 3924 3909 3901 3897 3899 3903 3914 3916 3923 3926 3916 3902 3887 3872 3854 3858 3860 3861 3844 3837 3811 3785 3742 3699 3656 3617 3578 3544 3504 3474 3459 3441 3413 3395 3373 3346 3318 3285 3207 3188 3163 3127 3110 3085 3065 3049 3033 3022 3019 3012 3002 2992 2985 2980 2977 2984 2995 3004 3012 3020 3024 3027 3028
3772 3803 3835 3866 3883 3889 3904 3929 3965 3967 3948 3946 3949 3959 3960 3959 3956 3948 3943 3943 3943 3942 3930 3927 3932 3929 3931 3928 3926 3930 3925 3924 3918 3898 3875 3877 3879 3872 3865 3858 3823 3789 3754 3711 3667 3623 3587 3551 3515 3483 3454 3436 3416 3398 3387 3366 3335 3304 3260 3206 3175 3147 3123 3106 3068 3051 3038 3002 2997 2986 2985 2979 2969 2962 2963 2960 2961 2968 2970 2978 2981 2992 2995 2996
3779 3801 3823 3846 3843 3856 3850 3850 3859 3871 3882 3899 3918 3952 3957 3965 3959 3958 3955 3953 3945 3948 3950 3951 3951 3952 3948 3948 3946 3938 3933 3927 3920 3912 3901 3900 3899 3884 3868 3853 3810 3767 3724 3679 3635 3590 3557 3524 3490 3460 3432 3413 3401 3391 3375 3363 3317 3256 3223 3206 3171 3142 3112 3080 3061 3029 3003 2985 2983 2962 2957 2947 2952 2943 2938 2933 2931 2933 2932 2930 2936 2946 2963 2964
3786 3799 3793 3801 3798 3790 3790 3792 3795 3806 3815 3841 3871 3896 3926 3935 3961 3967 3967 3973 3972 3964 3966 3974 3977 3970 3967 3967 3956 3948 3942 3930 3930 3931 3927 3924 3900 3896 3872 3848 3796 3745 3693 3648 3602 3557 3527 3496 3465 3436 3419 3401 3386 3385 3372 3340 3279 3258 3229 3179 3158 3124 3084 3074 2989 2967 2967 2963 2958 2944 2944 2945 2930 2928 2916 2913 2913 2915 2915 2912 2905 2911 2917 2928
3750 3754 3753 3757 3759 3756 3756 3760 3763 3766 3771 3792 3816 3843 3875 3903 3934 3966 3979 3985 4010 4013 4004 4003 4000 3988 3981 3975 3969 3955 3955 3950 3946 3941 3929 3916 3904 3872 3840 3808 3758 3708 3659 3617 3575 3534 3494 3464 3431 3419 3402 3387 3379 3371 3335 3299 3263 3226 3189 3163 3117 3084 3068 2985 2969 2960 2962 2944 2932 2934 2912 2908 2909 2909 2897 2900 2897 2899 2894 2887 2888 2894 2903 2909
3719 3724 3717 3720 3727 3735 3736 3739 3739 3743 3747 3758 3778 3816 3842 3875 3906 3951 3986 4009 4012 4022 4030 4034 4020 4024 4006 3993 3983 3982 3980 3971 3961 3952 3930 3909 3888 3848 3808 3767 3720 3672 3624 3586 3548 3498 3469 3428 3410 3379 3377 3366 3357 3338 3307 3267 3223 3187 3157 3121 3085 3065 3005 2977 2968 2955 2946 2928 2923 2898 2893 2897 2892 2893 2891 2888 2879 2874 2868 2863 2865 2868 2881 2892
3705 3707 3708 3708 3710 3714 3716 3714 3714 3719 3727 3741 3758 3780 3818 3856 3904 3943 3987 4006 4023 4036 4031 4035 4031 4025 4014 4012 4010 4008 4006 3991 3977 3962 3932 3902 3844 3824 3775 3727 3681 3636 3590 3546 3504 3464 3435 3396 3383 3373 3359 3343 3324 3307 3281 3240 3198 3144 3118 3078 3059 3034 2980 2975 2942 2922 2920 2903 2882 2882 2875 2882 2879 2883 2878 2870 2862 2852 2853 2854 2851 2851 2854 2864
3693 3696 3697 3693 3694 3696 3702 3704 3709 3712 3717 3729 3750 3768 3803 3841 3895 3941 3980 4006 4017 4030 4033 4033 4029 4025 4016 4009 4006 4002 3999 3976 3953 3930 3892 3854 3816 3767 3719 3670 3628 3586 3544 3513 3468 3430 3399 3374 3358 3354 3342 3323 3318 3280 3249 3205 3148 3116 3078 3052 3027 3004 2971 2938 2925 2923 2887 2880 2858 2858 2856 2865 2875 2873 2869 2850 2843 2838 2841 2843 2841 2831 2829 2841
3675 3682 3681 3676 3677 3682 3688 3692 3702 3711 3715 3724 3735 3762 3783 3846 3899 3943 3987 4003 4009 4017 4019 4024 4027 4026 4009 4007 4002 3996 3991 3960 3930 3899 3852 3806 3759 3711 3662 3614 3575 3537 3498 3470 3442 3396 3368 3362 3343 3329 3321 3314 3271 3243 3220 3194 3141 3093 3057 3023 3006 2964 2942 2924 2879 2886 2880 2860 2842 2846 2851 2860 2859 2856 2853 2844 2839 2840 2837 2834 2830 2807 2813 2808
3654 3653 3657 3660 3660 3663 3676 3680 3689 3703 3712 3716 3728 3757 3778 3845 3901 3937 3961 3992 3997 3997 3999 3998 3994 3993 3999 4004 3997 3991 3959 3945 3906 3867 3812 3758 3703 3654 3606 3557 3522 3487 3452 3427 3389 3352 3351 3342 3328 3310 3288 3270 3243 3220 3197 3160 3107 3049 3037 3002 2974 2944 2908 2882 2885 2880 2862 2840 2832 2834 2830 2834 2836 2831 2830 2830 2835 2831 2822 2820 2806 2793 2789 2789
3638 3641 3643 3650 3653 3656 3665 3672 3682 3690 3706 3710 3730 3761 3792 3838 3881 3927 3936 3956 3975 3976 3977 3968 3962 3964 3969 3973 3963 3952 3942 3897 3851 3806 3750 3694 3638 3593 3547 3501 3469 3436 3405 3374 3348 3333 3314 3292 3279 3258 3244 3213 3205 3183 3172 3116 3052 3038 3009 2970 2946 2906 2903 2873 2872 2873 2830 2827 2806 2806 2819 2815 2818 2817 2819 2817 2818 2809 2810 2790 2776 2766 2771 2778
3624 3625 3629 3640 3649 3652 3660 3672 3682 3693 3705 3718 3741 3762 3790 3837 3869 3896 3929 3929 3930 3929 3928 3925 3925 3932 3939 3943 3928 3914 3899 3848 3797 3746 3688 3631 3574 3531 3488 3446 3416 3386 3358 3321 3304 3297 3272 3258 3243 3219 3194 3182 3177 3174 3114 3089 3040 3027 2972 2949 2914 2902 2873 2871 2866 2831 2829 2800 2801 2806 2809 2815 2802 2793 2784 2777 2788 2783 2772 2770 2758 2752 2751 2749
3610 3615 3619 3627 3637 3649 3657 3670 3679 3689 3705 3723 3743 3760 3798 3841 3855 3878 3901 3907 3907 3906 3903 3898 3894 3898 3908 3912 3894 3875 3857 3800 3742 3685 3626 3568 3509 3469 3430 3390 3363 3335 3308 3293 3282 3268 3248 3224 3206 3190 3175 3169 3171 3109 3093 3041 3021 2974 2958 2932 2897 2857 2859 2850 2828 2825 2801 2786 2770 2766 2775 2779 2775 2771 2762 2759 2752 2753 2752 2735 2739 2738 2738 2740
3603 3603 3609 3615 3627 3636 3653 3661 3671 3683 3698 3716 3733 3764 3794 3812 3842 3858 3871 3874 3876 3873 3872 3860 3861 3868 3869 3871 3846 3820 3795 3737 3679 3621 3564 3508 3451 3415 3378 3342 3317 3293 3275 3259 3247 3236 3211 3194 3172 3163 3156 3145 3105 3080 3037 2997 2971 2957 2929 2891 2863 2831 2828 2814 2804 2766 2760 2753 2754 2752 2766 2764 2765 2759 2746 2745 2746 2748 2724 2717 2719 2717 2713 2711
3588 3591 3596 3601 3615 3629 3641 3652 3662 3671 3686 3701 3717 3734 3767 3795 3799 3831 3837 3840 3843 3839 3832 3831 3827 3832 3831 3829 3797 3766 3734 3675 3616 3557 3503 3448 3394 3360 3327 3293 3272 3253 3243 3220 3198 3176 3164 3155 3146 3136 3133 3101 3084 3035 2996 2938 2929 2908 2877 2859 2828 2807 2796 2765 2754 2727 2730 2727 2733 2730 2732 2731 2747 2741 2731 2733 2702 2707 2709 2702 2702 2693 2690 2688
3570 3576 3581 3587 3598 3606 3618 3636 3648 3659 3673 3679 3694 3712 3733 3753 3769 3781 3790 3798 3793 3797 3793 3790 3799 3795 3792 3788 3749 3711 3672 3612 3553 3493 3441 3388 3336 3306 3275 3245 3228 3215 3194 3185 3165 3153 3142 3134 3124 3115 3095 3063 3020 2975 2935 2918 2894 2846 2847 2826 2805 2775 2755 2751 2729 2703 2701 2703 2706 2702 2720 2722 2720 2715 2709 2702 2693 2697 2692 2690 2688 2677 2674 2672
3558 3568 3576 3579 3580 3584 3591 3601 3606 3638 3636 3649 3668 3686 3704 3721 3729 3737 3745 3749 3752 3751 3749 3749 3748 3741 3733 3726 3687 3647 3608 3553 3497 3442 3392 3343 3294 3265 3236 3207 3190 3170 3167 3156 3146 3127 3120 3111 3101 3090 3066 3022 2982 2945 2915 2892 2847 2848 2830 2799 2773 2756 2739 2735 2707 2694 2692 2691 2693 2694 2693 2691 2697 2699 2683 2689 2696 2689 2673 2675 2676 2666 2662 2655
3550 3559 3566 3566 3568 3570 3570 3572 3568 3588 3603 3619 3636 3650 3664 3679 3686 3693 3700 3702 3705 3707 3704 3701 3698 3686 3675 3663 3624 3584 3545 3493 3442 3390 3344 3298 3252 3225 3194 3163 3152 3145 3135 3142 3115 3106 3096 3079 3069 3066 3025 2980 2962 2936 2910 2866 2845 2835 2795 2774 2759 2744 2724 2712 2699 2687 2681 2666 2667 2668 2666 2666 2673 2668 2664 2661 2662 2669 2665 2658 2650 2652 2652 2647
3533 3544 3549 3548 3548 3549 3546 3539 3548 3563 3576 3590 3603 3614 3625 3636 3642 3649 3655 3658 3661 3664 3658 3653 3647 3632 3616 3601 3561 3521 3481 3434 3385 3340 3296 3253 3219 3189 3166 3139 3123 3114 3102 3093 3080 3069 3055 3042 3031 3008 2971 2957 2931 2904 2866 2835 2818 2800 2779 2759 2750 2703 2694 2692 2689 2679 2671 2658 2656 2651 2657 2653 2651 2649 2649 2637 2635 2638 2638 2642 2644 2639 2637 2635
3517 3524 3523 3522 3517 3520 3527 3528 3528 3537 3555 3565 3574 3583 3591 3599 3603 3607 3610 3610 3609 3608 3602 3596 3590 3576 3562 3548 3511 3475 3438 3384 3340 3291 3261 3227 3189 3167 3135 3111 3101 3082 3073 3066 3053 3035 3018 3001 2989 2972 2941 2925 2899 2866 2805 2795 2782 2775 2754 2732 2705 2698 2671 2676 2662 2661 2664 2660 2646 2639 2636 2637 2635 2635 2630 2628 2630 2623 2624 2623 2620 2618 2619 2617
3498 3504 3503 3503 3503 3505 3509 3510 3511 3513 3526 3536 3546 3551 3557 3562 3563 3564 3566 3561 3557 3552 3545 3539 3532 3520 3507 3495 3462 3429 3385 3335 3300 3266 3248 3213 3186 3134 3110 3082 3074 3049 3047 3032 3022 3008 2993 2975 2958 2945 2926 2890 2867 2809 2788 2780 2750 2746 2729 2697 2691 2670 2667 2664 2649 2648 2645 2646 2643 2636 2627 2628 2618 2620 2620 2620 2620 2614 2608 2609 2607 2607 2597 2592
