server/spec/dem-tests/savona/savona.asc
ncols        257
nrows        129
xllcorner    6.351471000000
yllcorner    44.903870000000
dx           0.000277863813
dy           0.000276782946
NODATA_value -32768
[rows 76 to 113 of 129, columns 168 to 251 of 257]
2360 2360 2365 2370 2356 2358 2339 2332 2318 2312 2308 2301 2290 2285 2287 2280 2269 2259 2250 2232 2213 2195 2187 2183 2177 2169 2165 2165 2158 2144 2125 2104 2083 2062 2045 2027 2010 2000 1989 1979 1974 1968 1963 1957 1950 1947 1938 1930 1924 1913 1902 1894 1886 1877 1883 1881 1878 1875 1863 1869 1865 1869 1868 1865 1864 1861 1863 1856 1858 1858 1858 1864 1866 1867 1869 1862 1864 1864 1863 1859 1857 1854 1853 1852
2390 2398 2395 2390 2372 2374 2384 2383 2369 2345 2342 2339 2325 2321 2319 2311 2299 2287 2275 2255 2236 2217 2208 2199 2193 2186 2176 2176 2175 2171 2152 2138 2121 2103 2089 2075 2060 2045 2029 2013 2008 2003 1998 1986 1974 1962 1949 1936 1925 1913 1901 1890 1879 1880 1874 1875 1884 1887 1882 1879 1873 1867 1859 1864 1863 1849 1849 1851 1852 1861 1861 1860 1865 1873 1871 1866 1868 1861 1862 1862 1860 1857 1859 1862
2420 2423 2426 2428 2433 2421 2432 2432 2431 2425 2376 2368 2360 2358 2351 2344 2329 2314 2299 2279 2259 2239 2233 2227 2222 2210 2198 2180 2183 2175 2171 2163 2156 2146 2135 2122 2111 2090 2069 2048 2043 2038 2034 2016 1998 1980 1961 1942 1924 1918 1904 1891 1885 1882 1879 1880 1882 1886 1883 1878 1874 1867 1859 1861 1854 1849 1847 1848 1850 1851 1855 1860 1857 1869 1866 1864 1864 1859 1859 1863 1856 1866 1871 1875
2461 2458 2460 2460 2459 2453 2457 2453 2449 2441 2425 2402 2395 2389 2383 2377 2359 2342 2324 2303 2282 2261 2258 2256 2253 2242 2231 2209 2185 2179 2185 2187 2182 2183 2167 2157 2145 2135 2108 2082 2078 2073 2069 2045 2022 1998 1974 1949 1945 1918 1912 1904 1892 1879 1879 1881 1882 1884 1883 1881 1877 1864 1865 1868 1855 1848 1847 1845 1847 1850 1854 1855 1855 1860 1856 1862 1857 1856 1856 1852 1861 1872 1879 1878
2485 2494 2490 2489 2496 2477 2472 2465 2461 2460 2444 2428 2418 2413 2408 2404 2389 2375 2361 2345 2328 2312 2305 2298 2291 2279 2260 2244 2222 2226 2207 2198 2193 2183 2190 2174 2175 2173 2155 2138 2129 2119 2110 2087 2064 2042 2021 2000 1979 1960 1942 1923 1907 1896 1888 1886 1885 1884 1883 1881 1880 1879 1868 1871 1869 1848 1848 1848 1848 1854 1859 1849 1859 1852 1854 1853 1857 1854 1853 1847 1847 1874 1876 1879
2531 2531 2530 2526 2516 2508 2492 2477 2479 2478 2466 2449 2441 2437 2434 2430 2420 2409 2398 2386 2375 2363 2352 2341 2330 2315 2301 2281 2275 2250 2247 2228 2223 2222 2214 2213 2219 2224 2199 2194 2180 2165 2151 2129 2107 2085 2068 2050 2032 2002 1972 1942 1927 1913 1898 1894 1891 1887 1885 1883 1881 1879 1877 1868 1863 1859 1856 1858 1854 1851 1853 1852 1855 1859 1855 1853 1854 1848 1847 1847 1851 1864 1879 1873
2539 2536 2559 2561 2551 2539 2511 2498 2498 2492 2482 2477 2464 2462 2459 2457 2450 2442 2435 2428 2421 2414 2399 2383 2368 2352 2336 2320 2297 2281 2265 2271 2264 2259 2250 2248 2249 2245 2230 2218 2207 2211 2183 2171 2150 2129 2115 2100 2086 2044 2002 1960 1941 1921 1902 1897 1893 1888 1885 1882 1879 1877 1876 1878 1886 1872 1858 1854 1853 1850 1850 1852 1857 1861 1858 1848 1845 1845 1845 1847 1850 1855 1860 1866
2572 2572 2578 2590 2585 2577 2557 2541 2531 2506 2500 2507 2493 2494 2494 2495 2491 2487 2483 2475 2467 2459 2439 2419 2398 2379 2359 2337 2323 2310 2299 2290 2275 2261 2259 2269 2271 2263 2250 2237 2225 2219 2204 2197 2180 2168 2153 2139 2125 2091 2057 2023 2003 1983 1963 1950 1937 1923 1912 1901 1890 1886 1882 1878 1882 1880 1867 1856 1855 1855 1854 1853 1857 1857 1855 1852 1842 1844 1847 1849 1852 1851 1855 1859
2616 2601 2601 2601 2601 2605 2609 2591 2576 2549 2556 2554 2521 2525 2530 2534 2533 2532 2531 2522 2513 2504 2479 2454 2429 2406 2383 2354 2330 2324 2327 2313 2299 2296 2299 2281 2285 2276 2270 2252 2242 2234 2227 2225 2212 2204 2190 2178 2164 2138 2112 2085 2065 2045 2025 2003 1981 1959 1940 1921 1902 1895 1889 1882 1883 1881 1876 1869 1861 1858 1855 1853 1853 1858 1862 1853 1848 1846 1847 1849 1848 1846 1848 1861
2675 2669 2685 2672 2696 2692 2657 2657 2622 2611 2607 2617 2601 2557 2565 2572 2574 2577 2579 2569 2559 2549 2519 2489 2459 2433 2406 2372 2350 2353 2344 2347 2331 2330 2317 2308 2305 2299 2277 2271 2262 2257 2253 2249 2246 2236 2223 2217 2203 2185 2166 2148 2127 2107 2086 2055 2025 1994 1967 1940 1913 1904 1895 1886 1887 1887 1883 1879 1875 1872 1865 1860 1856 1858 1846 1843 1851 1852 1849 1849 1850 1855 1858 1857
2756 2747 2741 2723 2734 2728 2709 2680 2663 2660 2676 2672 2669 2653 2647 2649 2652 2648 2633 2611 2588 2574 2540 2507 2473 2446 2416 2388 2372 2367 2368 2369 2363 2368 2344 2338 2329 2309 2299 2295 2292 2293 2294 2284 2276 2269 2253 2236 2220 2205 2190 2175 2154 2133 2111 2090 2068 2047 2014 1982 1949 1933 1916 1900 1900 1899 1894 1890 1888 1889 1868 1863 1857 1848 1844 1840 1841 1844 1850 1848 1849 1851 1852 1850
2859 2854 2813 2799 2774 2769 2737 2716 2720 2724 2720 2715 2716 2709 2704 2716 2709 2715 2681 2658 2621 2598 2561 2512 2476 2452 2430 2417 2382 2386 2387 2389 2381 2362 2367 2348 2340 2332 2325 2323 2324 2322 2320 2313 2303 2294 2275 2256 2237 2225 2214 2202 2180 2158 2137 2124 2112 2099 2061 2023 1985 1961 1938 1914 1912 1911 1909 1907 1900 1898 1892 1876 1863 1853 1851 1846 1843 1842 1842 1846 1845 1848 1849 1848
2882 2868 2860 2830 2808 2801 2787 2755 2751 2759 2764 2751 2749 2745 2751 2776 2769 2766 2717 2688 2664 2610 2563 2518 2487 2460 2450 2436 2415 2420 2426 2405 2388 2379 2375 2359 2358 2350 2350 2351 2349 2354 2350 2343 2331 2318 2297 2275 2254 2246 2237 2229 2207 2184 2162 2159 2155 2152 2108 2065 2021 1990 1959 1928 1925 1923 1920 1917 1914 1916 1910 1892 1880 1874 1867 1858 1852 1847 1844 1846 1843 1845 1845 1845
2892 2892 2872 2864 2838 2835 2818 2798 2792 2791 2796 2791 2799 2806 2780 2775 2781 2772 2759 2712 2667 2621 2579 2513 2490 2481 2479 2463 2449 2440 2435 2423 2409 2399 2398 2376 2365 2370 2372 2377 2382 2376 2382 2384 2370 2357 2336 2316 2295 2279 2263 2247 2229 2211 2193 2188 2183 2177 2145 2112 2080 2051 2023 1994 1984 1974 1964 1952 1944 1935 1922 1911 1903 1896 1885 1873 1851 1853 1848 1849 1849 1845 1846 1842
2903 2896 2887 2873 2861 2849 2832 2824 2818 2821 2823 2823 2829 2808 2800 2787 2776 2767 2755 2717 2667 2619 2584 2540 2494 2489 2484 2486 2479 2456 2437 2429 2419 2409 2402 2395 2395 2393 2400 2416 2412 2414 2417 2411 2410 2397 2376 2356 2335 2312 2288 2264 2251 2237 2224 2217 2210 2203 2172 2160 2139 2113 2087 2061 2043 2026 2009 1990 1965 1944 1942 1932 1926 1922 1915 1905 1891 1871 1862 1855 1848 1845 1843 1839
2908 2906 2899 2887 2873 2857 2856 2855 2849 2844 2843 2834 2827 2825 2809 2786 2772 2762 2736 2716 2674 2620 2589 2545 2499 2506 2510 2499 2489 2475 2453 2443 2430 2430 2433 2417 2423 2422 2430 2453 2449 2453 2450 2438 2430 2419 2405 2396 2376 2345 2313 2282 2273 2264 2255 2246 2237 2211 2189 2178 2167 2174 2151 2127 2102 2078 2053 2022 1991 1960 1954 1960 1962 1954 1945 1934 1926 1912 1882 1858 1852 1845 1840 1838
2935 2919 2912 2896 2881 2875 2876 2867 2863 2856 2849 2836 2828 2825 2803 2779 2759 2731 2718 2689 2656 2610 2580 2561 2510 2511 2508 2513 2499 2485 2470 2461 2445 2444 2454 2455 2453 2452 2456 2472 2476 2470 2471 2456 2447 2443 2427 2411 2395 2375 2352 2325 2311 2297 2282 2269 2245 2223 2202 2189 2187 2177 2162 2142 2118 2095 2071 2045 2019 1994 1984 1984 1978 1976 1968 1965 1941 1921 1906 1883 1878 1861 1855 1846
2943 2940 2926 2907 2897 2885 2873 2870 2868 2863 2849 2835 2824 2812 2792 2772 2740 2719 2694 2675 2647 2608 2585 2553 2525 2515 2509 2509 2513 2509 2490 2478 2478 2474 2477 2479 2473 2474 2479 2483 2491 2492 2481 2476 2459 2459 2431 2418 2417 2401 2380 2362 2349 2329 2310 2287 2258 2226 2197 2195 2191 2186 2171 2157 2134 2112 2089 2068 2048 2027 2014 2008 2001 1995 1985 1972 1961 1934 1914 1903 1908 1891 1866 1852
2962 2963 2945 2934 2915 2892 2882 2869 2866 2854 2838 2830 2818 2801 2786 2760 2725 2694 2686 2665 2647 2610 2584 2555 2547 2531 2513 2513 2515 2514 2506 2502 2499 2496 2492 2495 2500 2505 2509 2513 2520 2501 2499 2490 2490 2464 2452 2435 2424 2414 2406 2380 2376 2359 2336 2302 2283 2244 2228 2197 2194 2189 2175 2162 2145 2125 2107 2092 2076 2061 2043 2028 2017 2006 1994 1978 1959 1931 1916 1906 1905 1911 1887 1877
2982 2969 2965 2938 2931 2913 2892 2875 2869 2852 2830 2818 2825 2798 2780 2763 2725 2701 2681 2662 2651 2614 2589 2563 2553 2541 2531 2525 2522 2519 2522 2510 2510 2513 2514 2516 2515 2521 2517 2525 2530 2534 2521 2510 2495 2484 2461 2447 2440 2427 2413 2407 2405 2387 2359 2341 2298 2287 2247 2224 2196 2190 2174 2166 2153 2134 2112 2106 2101 2095 2068 2045 2015 2012 2000 1978 1959 1940 1922 1914 1906 1904 1893 1892
2991 2984 2980 2968 2952 2937 2897 2887 2870 2857 2834 2824 2802 2792 2781 2768 2734 2699 2679 2662 2644 2618 2606 2581 2568 2559 2551 2545 2541 2538 2535 2523 2525 2526 2530 2532 2529 2527 2538 2553 2569 2568 2561 2528 2506 2486 2472 2456 2447 2442 2421 2413 2408 2409 2386 2361 2352 2310 2288 2247 2226 2200 2196 2177 2160 2139 2130 2121 2125 2113 2092 2059 2026 2015 2004 1993 1971 1949 1927 1921 1915 1909 1905 1901
2999 3001 3008 2987 2968 2947 2920 2901 2882 2873 2840 2826 2793 2787 2771 2754 2728 2696 2677 2652 2642 2622 2599 2592 2584 2574 2570 2566 2562 2547 2539 2544 2541 2549 2552 2553 2557 2561 2565 2576 2569 2563 2570 2566 2529 2492 2478 2474 2458 2443 2436 2418 2420 2412 2400 2386 2368 2345 2316 2284 2250 2235 2217 2187 2165 2169 2149 2136 2149 2159 2118 2078 2061 2028 2018 2009 1984 1958 1960 1929 1925 1921 1917 1914
3000 3010 3015 3010 2979 2946 2925 2902 2876 2873 2837 2808 2788 2786 2765 2755 2730 2713 2684 2657 2651 2636 2620 2602 2605 2596 2592 2583 2568 2563 2559 2565 2564 2570 2576 2584 2586 2580 2582 2573 2574 2580 2572 2568 2529 2504 2490 2487 2473 2463 2453 2441 2432 2425 2412 2396 2379 2363 2323 2307 2286 2265 2246 2236 2218 2198 2179 2189 2200 2189 2169 2132 2094 2085 2075 2065 2044 2024 2003 1989 1975 1962 1952 1942
3001 3009 3008 3010 2965 2946 2916 2880 2867 2845 2825 2799 2781 2777 2769 2764 2739 2716 2695 2680 2659 2649 2639 2628 2626 2626 2619 2605 2588 2584 2588 2598 2599 2599 2604 2602 2594 2592 2585 2579 2579 2580 2575 2562 2551 2514 2514 2487 2493 2480 2465 2467 2450 2457 2431 2417 2414 2382 2360 2318 2314 2296 2290 2279 2270 2253 2236 2243 2240 2256 2222 2185 2152 2141 2128 2119 2105 2086 2067 2049 2026 2002 1986 1970
3000 2997 3004 2990 2952 2925 2895 2858 2841 2824 2815 2798 2787 2778 2767 2758 2732 2710 2695 2682 2673 2660 2648 2643 2640 2635 2631 2627 2626 2624 2629 2623 2625 2621 2618 2606 2602 2592 2594 2577 2581 2579 2577 2580 2564 2544 2512 2514 2506 2496 2496 2500 2485 2471 2459 2445 2433 2411 2392 2368 2333 2316 2317 2319 2312 2308 2293 2281 2279 2280 2273 2242 2200 2180 2167 2168 2161 2158 2117 2110 2076 2043 2021 1998
2993 2984 2979 2956 2939 2907 2857 2831 2824 2809 2804 2796 2789 2770 2756 2745 2727 2714 2702 2691 2679 2671 2667 2665 2656 2655 2653 2649 2645 2643 2642 2640 2638 2638 2631 2623 2619 2612 2599 2592 2582 2588 2585 2591 2587 2583 2543 2536 2533 2537 2534 2525 2512 2504 2475 2468 2456 2426 2412 2409 2379 2346 2348 2347 2348 2337 2325 2311 2310 2317 2291 2264 2237 2226 2201 2189 2180 2167 2153 2138 2111 2084 2063 2042
2985 2981 2966 2945 2909 2852 2823 2814 2800 2797 2791 2785 2770 2760 2748 2729 2724 2716 2706 2698 2695 2683 2682 2686 2679 2672 2673 2673 2671 2665 2658 2653 2646 2646 2642 2636 2624 2620 2625 2599 2595 2596 2585 2589 2598 2588 2581 2582 2576 2567 2565 2558 2531 2525 2511 2491 2480 2461 2451 2439 2427 2383 2387 2372 2374 2374 2348 2343 2340 2332 2308 2285 2262 2250 2238 2227 2214 2192 2178 2166 2145 2125 2105 2085
2981 2962 2953 2916 2866 2820 2816 2797 2802 2796 2782 2764 2758 2751 2741 2733 2725 2720 2717 2711 2699 2693 2694 2699 2704 2698 2690 2689 2686 2679 2670 2663 2656 2654 2652 2651 2638 2630 2628 2626 2629 2613 2597 2604 2617 2623 2619 2612 2616 2609 2592 2574 2560 2559 2532 2525 2508 2495 2488 2473 2465 2438 2424 2414 2408 2405 2386 2375 2360 2346 2326 2307 2287 2275 2262 2250 2237 2224 2204 2191 2180 2166 2147 2128
2969 2947 2920 2875 2820 2817 2804 2796 2792 2788 2771 2765 2757 2752 2744 2739 2733 2732 2730 2724 2717 2714 2716 2712 2708 2705 2706 2705 2702 2693 2687 2683 2677 2673 2678 2679 2669 2669 2661 2654 2661 2640 2643 2642 2643 2645 2640 2636 2633 2614 2606 2597 2593 2582 2573 2561 2562 2548 2514 2502 2482 2460 2451 2441 2431 2426 2427 2411 2396 2381 2359 2336 2314 2301 2288 2275 2262 2248 2235 2217 2205 2192 2173 2155
2955 2917 2898 2871 2815 2820 2805 2794 2791 2781 2771 2765 2765 2756 2747 2751 2750 2749 2744 2741 2735 2731 2724 2722 2720 2720 2716 2712 2717 2711 2709 2701 2692 2687 2691 2710 2704 2709 2708 2692 2684 2670 2672 2672 2673 2675 2674 2663 2656 2648 2629 2629 2616 2597 2592 2586 2576 2573 2559 2549 2524 2495 2475 2462 2462 2456 2464 2448 2432 2416 2391 2366 2340 2327 2314 2301 2287 2273 2259 2246 2231 2217 2200 2182
2924 2894 2876 2848 2828 2815 2802 2788 2786 2786 2777 2768 2758 2751 2752 2744 2750 2749 2747 2750 2741 2738 2734 2730 2732 2731 2726 2720 2718 2716 2715 2713 2710 2719 2724 2726 2727 2733 2716 2723 2730 2728 2730 2727 2709 2700 2698 2685 2672 2675 2656 2658 2648 2644 2619 2616 2606 2597 2593 2571 2561 2534 2527 2499 2503 2517 2502 2485 2468 2451 2423 2395 2367 2353 2340 2326 2312 2297 2283 2271 2258 2246 2229 2213
2914 2895 2879 2853 2834 2820 2803 2793 2782 2789 2777 2770 2754 2754 2755 2758 2744 2745 2745 2748 2746 2746 2745 2737 2735 2729 2726 2724 2724 2726 2726 2730 2739 2739 2740 2754 2763 2768 2776 2783 2781 2777 2779 2775 2736 2733 2729 2728 2726 2732 2732 2699 2686 2672 2642 2648 2643 2632 2614 2609 2591 2556 2552 2543 2557 2544 2531 2513 2495 2477 2453 2430 2406 2392 2378 2363 2343 2322 2302 2288 2274 2260 2244 2228
2914 2888 2887 2874 2846 2834 2820 2802 2793 2790 2792 2776 2764 2758 2767 2762 2758 2750 2748 2753 2754 2756 2757 2750 2749 2736 2737 2737 2741 2747 2746 2740 2742 2746 2755 2772 2798 2822 2832 2829 2828 2826 2796 2791 2786 2769 2762 2758 2754 2746 2742 2743 2729 2730 2700 2675 2668 2656 2660 2640 2618 2593 2573 2574 2568 2572 2560 2541 2522 2502 2483 2464 2445 2430 2415 2401 2374 2347 2320 2305 2289 2273 2258 2244
2920 2914 2898 2884 2871 2851 2837 2824 2818 2817 2816 2794 2790 2778 2775 2777 2771 2764 2757 2750 2758 2763 2763 2768 2753 2753 2752 2769 2769 2772 2775 2769 2778 2780 2795 2810 2820 2857 2873 2878 2872 2841 2835 2832 2835 2819 2807 2794 2777 2768 2771 2779 2772 2755 2750 2725 2691 2686 2675 2659 2646 2635 2601 2592 2591 2583 2572 2569 2548 2528 2513 2499 2484 2469 2453 2422 2405 2372 2339 2322 2304 2287 2273 2259
2929 2926 2919 2909 2889 2884 2882 2872 2865 2844 2840 2822 2808 2791 2788 2785 2781 2777 2772 2768 2772 2775 2770 2771 2772 2770 2776 2779 2783 2776 2804 2802 2801 2812 2818 2843 2852 2882 2936 2931 2903 2882 2870 2853 2854 2858 2853 2839 2818 2809 2790 2797 2796 2784 2752 2743 2748 2723 2720 2699 2688 2670 2656 2653 2613 2599 2586 2569 2551 2533 2520 2507 2493 2477 2461 2445 2416 2387 2358 2344 2330 2316 2304 2292
2942 2931 2930 2926 2925 2932 2925 2925 2915 2879 2864 2850 2831 2811 2807 2805 2803 2794 2792 2808 2807 2794 2793 2785 2789 2790 2800 2813 2809 2814 2815 2809 2830 2838 2846 2867 2879 2934 2935 2936 2930 2904 2897 2888 2879 2864 2870 2852 2849 2830 2824 2825 2819 2819 2812 2788 2759 2748 2752 2724 2704 2683 2663 2661 2650 2618 2597 2575 2554 2539 2527 2515 2503 2486 2468 2451 2427 2402 2378 2367 2356 2346 2336 2326
2969 2966 2951 2945 2942 2957 2954 2952 2924 2914 2902 2866 2849 2823 2821 2818 2817 2815 2814 2820 2813 2830 2828 2822 2817 2818 2819 2827 2833 2839 2846 2855 2863 2872 2880 2891 2924 2929 2947 2943 2933 2935 2925 2914 2899 2885 2873 2867 2855 2852 2837 2836 2836 2834 2822 2808 2787 2769 2751 2746 2720 2703 2687 2675 2658 2645 2614 2569 2556 2544 2533 2523 2512 2494 2476 2458 2438 2417 2418 2409 2395 2375 2367 2359
2988 2985 2978 2971 2972 2968 2967 2961 2955 2933 2913 2889 2861 2859 2856 2854 2852 2850 2848 2848 2848 2852 2849 2837 2822 2839 2843 2848 2858 2868 2878 2891 2903 2915 2918 2924 2924 2950 2957 2954 2948 2931 2927 2926 2912 2895 2877 2871 2865 2851 2843 2841 2838 2833 2829 2828 2803 2779 2772 2758 2744 2714 2702 2688 2677 2649 2638 2600 2562 2550 2539 2529 2519 2506 2492 2479 2466 2452 2457 2469 2444 2427 2421 2413
