server/spec/dem-tests/savona/savona.asc
ncols        257
nrows        129
xllcorner    6.351471000000
yllcorner    44.903870000000
dx           0.000277863813
dy           0.000276782946
NODATA_value -32768
[rows 76 to 113 of 129, columns 0 to 83 of 257]
3488 3489 3492 3494 3497 3499 3500 3503 3505 3509 3513 3512 3520 3524 3527 3531 3534 3535 3532 3525 3504 3496 3489 3482 3475 3464 3453 3442 3420 3386 3339 3315 3290 3252 3244 3200 3163 3116 3080 3070 3052 3036 3022 3009 2999 2980 2959 2941 2914 2906 2890 2855 2822 2803 2784 2744 2741 2722 2700 2686 2674 2671 2659 2644 2645 2642 2636 2635 2623 2619 2618 2613 2604 2592 2595 2593 2587 2581 2588 2591 2594 2582 2576 2573
3478 3478 3480 3485 3489 3490 3494 3499 3507 3508 3509 3506 3504 3505 3506 3511 3514 3515 3511 3506 3496 3486 3478 3470 3460 3449 3434 3416 3394 3362 3325 3295 3284 3247 3220 3161 3145 3096 3077 3055 3028 3012 2998 2984 2968 2948 2926 2912 2909 2891 2857 2815 2803 2782 2744 2737 2724 2723 2695 2685 2673 2663 2653 2640 2635 2627 2620 2623 2615 2615 2602 2591 2584 2583 2579 2577 2575 2564 2563 2562 2566 2561 2558 2555
3466 3471 3476 3481 3487 3493 3497 3500 3507 3509 3507 3505 3499 3499 3503 3507 3511 3518 3513 3508 3491 3478 3472 3467 3459 3435 3421 3402 3379 3347 3312 3300 3280 3244 3204 3166 3117 3079 3056 3032 3010 2995 2976 2955 2944 2920 2906 2897 2890 2845 2830 2801 2786 2760 2731 2724 2716 2698 2685 2673 2661 2655 2645 2636 2624 2614 2610 2615 2601 2600 2590 2579 2586 2574 2570 2567 2565 2555 2553 2550 2548 2548 2544 2544
3442 3452 3464 3475 3485 3491 3495 3501 3499 3502 3500 3502 3500 3499 3503 3511 3516 3519 3513 3510 3508 3496 3478 3475 3455 3432 3417 3395 3376 3344 3314 3286 3266 3234 3199 3153 3101 3075 3040 3020 3001 2983 2953 2930 2916 2904 2897 2875 2841 2830 2799 2794 2771 2732 2719 2714 2698 2684 2674 2653 2648 2647 2637 2630 2623 2616 2610 2605 2603 2597 2589 2583 2571 2567 2561 2558 2555 2547 2545 2539 2538 2535 2535 2534
3416 3433 3446 3463 3476 3477 3485 3479 3480 3492 3501 3502 3509 3508 3511 3513 3519 3523 3520 3520 3514 3505 3492 3479 3460 3434 3420 3396 3373 3345 3325 3289 3262 3229 3178 3137 3101 3069 3044 3014 2994 2965 2930 2908 2898 2877 2854 2847 2826 2807 2791 2778 2732 2728 2713 2701 2687 2675 2653 2656 2649 2638 2628 2618 2614 2608 2600 2598 2596 2596 2588 2579 2569 2562 2557 2554 2551 2552 2542 2537 2531 2529 2527 2525
3390 3407 3424 3438 3449 3456 3468 3468 3473 3483 3500 3510 3521 3527 3524 3522 3520 3519 3526 3531 3523 3520 3499 3477 3450 3429 3420 3404 3378 3362 3349 3308 3290 3236 3179 3133 3094 3075 3042 3004 2992 2945 2911 2899 2874 2855 2837 2822 2812 2797 2777 2738 2724 2707 2695 2684 2675 2665 2653 2659 2649 2633 2626 2618 2620 2606 2599 2596 2592 2585 2584 2582 2575 2565 2559 2556 2549 2551 2551 2542 2532 2530 2527 2523
3382 3387 3399 3413 3421 3425 3439 3454 3461 3479 3504 3516 3526 3534 3537 3533 3528 3529 3529 3532 3524 3517 3505 3476 3449 3424 3409 3394 3375 3359 3351 3311 3290 3239 3184 3143 3114 3087 3041 3000 2970 2926 2908 2884 2855 2843 2827 2818 2798 2793 2764 2733 2725 2712 2689 2679 2674 2660 2666 2651 2642 2632 2622 2613 2605 2602 2599 2594 2590 2585 2581 2582 2574 2566 2563 2556 2549 2546 2544 2534 2530 2531 2528 2525
3372 3379 3385 3390 3399 3405 3410 3422 3438 3462 3483 3503 3523 3528 3537 3536 3537 3531 3530 3529 3531 3519 3500 3473 3432 3407 3395 3386 3374 3365 3347 3304 3293 3245 3193 3167 3123 3106 3042 3001 2974 2926 2903 2885 2854 2839 2827 2815 2805 2786 2761 2747 2723 2711 2687 2677 2668 2664 2660 2650 2639 2630 2620 2611 2603 2596 2597 2598 2591 2581 2575 2570 2567 2566 2561 2560 2552 2544 2536 2534 2530 2533 2528 2528
3354 3363 3369 3377 3381 3388 3396 3404 3416 3435 3453 3487 3499 3514 3514 3533 3528 3534 3532 3532 3524 3501 3487 3441 3399 3395 3386 3379 3372 3357 3340 3311 3291 3256 3221 3188 3163 3118 3082 3006 2980 2940 2917 2888 2860 2843 2823 2814 2799 2791 2770 2752 2724 2717 2700 2674 2666 2659 2655 2647 2639 2628 2620 2613 2606 2600 2598 2592 2582 2576 2574 2570 2562 2564 2566 2558 2551 2547 2542 2538 2536 2539 2530 2526
3349 3356 3368 3366 3366 3363 3368 3378 3385 3399 3411 3422 3430 3441 3490 3501 3507 3519 3526 3526 3507 3494 3463 3401 3397 3386 3376 3372 3361 3342 3327 3298 3286 3276 3238 3209 3190 3147 3094 3045 2991 2950 2915 2899 2884 2849 2827 2809 2791 2777 2776 2752 2732 2710 2703 2695 2672 2657 2653 2645 2636 2627 2617 2611 2604 2604 2598 2587 2581 2575 2570 2571 2571 2567 2561 2559 2551 2540 2541 2538 2538 2532 2524 2525
3341 3349 3353 3352 3353 3355 3359 3362 3366 3377 3396 3407 3417 3431 3436 3480 3489 3509 3514 3501 3496 3486 3422 3400 3382 3371 3372 3354 3343 3324 3306 3301 3292 3276 3244 3236 3193 3148 3110 3069 3019 2957 2931 2910 2898 2878 2851 2809 2793 2781 2772 2761 2737 2720 2707 2696 2686 2669 2660 2647 2631 2624 2622 2615 2604 2597 2594 2585 2584 2573 2576 2571 2567 2562 2562 2553 2545 2543 2535 2544 2530 2520 2520 2516
3325 3333 3334 3335 3340 3340 3346 3352 3360 3369 3379 3389 3389 3408 3419 3439 3454 3477 3492 3498 3497 3493 3420 3404 3385 3375 3364 3354 3339 3323 3302 3294 3292 3275 3247 3231 3196 3162 3123 3072 3034 2956 2937 2925 2918 2905 2896 2851 2803 2785 2781 2771 2754 2728 2712 2697 2690 2670 2660 2645 2633 2623 2616 2609 2606 2597 2591 2586 2586 2579 2577 2574 2568 2563 2557 2555 2548 2542 2538 2526 2528 2518 2517 2512
3311 3315 3319 3323 3325 3328 3330 3336 3346 3354 3371 3375 3386 3394 3404 3418 3434 3455 3479 3498 3502 3494 3479 3423 3405 3376 3367 3353 3338 3325 3313 3303 3286 3271 3250 3224 3206 3165 3123 3081 3056 3000 2963 2937 2939 2926 2903 2902 2853 2810 2783 2779 2765 2753 2731 2716 2693 2681 2665 2649 2644 2629 2620 2615 2607 2602 2590 2591 2590 2588 2587 2580 2574 2567 2562 2556 2546 2538 2533 2529 2524 2524 2520 2515
3301 3307 3308 3305 3309 3307 3312 3324 3337 3350 3356 3367 3375 3386 3401 3417 3430 3450 3472 3491 3503 3496 3478 3456 3418 3399 3382 3366 3346 3333 3320 3319 3306 3269 3248 3230 3212 3178 3136 3116 3081 3037 3001 2960 2945 2942 2922 2904 2871 2842 2818 2807 2781 2763 2755 2725 2707 2691 2682 2660 2644 2637 2626 2618 2614 2612 2606 2600 2603 2601 2595 2588 2582 2578 2574 2569 2557 2554 2543 2535 2533 2535 2530 2530
3291 3292 3301 3298 3297 3299 3306 3316 3327 3341 3346 3352 3361 3383 3401 3421 3436 3454 3475 3494 3505 3501 3480 3459 3450 3412 3387 3366 3354 3341 3331 3323 3311 3273 3250 3223 3195 3178 3145 3119 3088 3074 3027 2994 2976 2960 2941 2908 2892 2868 2841 2824 2804 2789 2762 2755 2724 2711 2692 2696 2667 2668 2663 2646 2631 2620 2612 2615 2612 2608 2602 2597 2591 2586 2582 2578 2571 2561 2558 2571 2564 2561 2555 2540
3279 3281 3285 3284 3284 3289 3292 3306 3318 3331 3336 3342 3364 3387 3404 3423 3446 3462 3486 3500 3508 3502 3488 3471 3458 3431 3389 3372 3356 3353 3344 3331 3317 3284 3264 3223 3197 3181 3158 3124 3104 3089 3047 3012 2991 2987 2964 2934 2905 2896 2875 2847 2817 2797 2788 2778 2753 2736 2725 2713 2709 2710 2702 2671 2649 2634 2628 2624 2620 2616 2610 2605 2599 2595 2590 2586 2578 2570 2578 2579 2577 2570 2569 2559
3265 3267 3269 3270 3276 3282 3285 3294 3310 3314 3325 3341 3354 3388 3408 3427 3455 3475 3494 3502 3505 3500 3496 3488 3477 3456 3412 3376 3360 3355 3347 3331 3317 3289 3264 3232 3199 3185 3163 3142 3114 3106 3069 3047 3015 3008 2988 2966 2940 2916 2911 2893 2864 2822 2809 2798 2794 2789 2781 2766 2757 2751 2727 2702 2672 2656 2650 2646 2643 2639 2636 2632 2629 2626 2623 2621 2613 2605 2598 2602 2608 2609 2585 2588
3245 3249 3253 3259 3266 3273 3278 3287 3300 3306 3315 3327 3349 3386 3410 3437 3464 3482 3499 3507 3509 3505 3504 3502 3488 3477 3424 3389 3374 3354 3342 3325 3311 3289 3256 3226 3204 3196 3174 3145 3143 3121 3090 3070 3056 3038 3020 3002 2984 2963 2948 2927 2895 2864 2848 2806 2801 2799 2795 2789 2792 2773 2744 2717 2685 2678 2672 2669 2666 2663 2661 2660 2659 2658 2657 2655 2648 2641 2633 2633 2623 2629 2623 2623
3228 3232 3242 3249 3258 3268 3270 3277 3287 3300 3306 3322 3355 3389 3415 3446 3468 3485 3498 3506 3513 3518 3519 3513 3507 3478 3450 3410 3368 3346 3329 3320 3310 3286 3253 3223 3204 3200 3180 3169 3151 3146 3109 3095 3081 3064 3046 3027 3007 2998 2960 2943 2927 2912 2888 2856 2844 2816 2810 2812 2795 2793 2776 2741 2707 2700 2694 2691 2689 2686 2687 2688 2689 2689 2690 2690 2683 2676 2669 2669 2674 2674 2679 2673
3208 3222 3231 3244 3252 3258 3265 3276 3278 3287 3295 3323 3361 3399 3424 3449 3468 3474 3489 3505 3519 3525 3522 3520 3501 3484 3455 3425 3364 3348 3333 3328 3313 3291 3270 3237 3223 3204 3193 3187 3175 3152 3137 3105 3089 3078 3061 3043 3016 3004 2992 2961 2954 2943 2916 2890 2850 2856 2855 2842 2831 2833 2799 2761 2754 2747 2740 2737 2734 2730 2732 2734 2736 2736 2737 2738 2730 2723 2715 2704 2705 2701 2685 2679
3200 3212 3226 3235 3244 3252 3265 3276 3277 3283 3300 3323 3359 3404 3435 3449 3461 3474 3491 3508 3521 3528 3522 3518 3501 3488 3449 3428 3394 3362 3345 3337 3324 3306 3280 3246 3230 3216 3206 3199 3192 3180 3161 3136 3121 3107 3075 3056 3038 3014 3013 3006 2988 2967 2943 2923 2907 2902 2891 2896 2891 2866 2836 2810 2802 2794 2786 2782 2778 2775 2777 2780 2782 2784 2785 2786 2778 2770 2762 2749 2741 2732 2731 2743
3203 3214 3224 3235 3240 3249 3265 3275 3281 3288 3305 3336 3364 3403 3439 3453 3470 3482 3496 3509 3521 3527 3520 3514 3503 3482 3459 3431 3404 3378 3363 3351 3338 3323 3308 3272 3242 3241 3237 3230 3221 3221 3187 3159 3156 3121 3111 3072 3056 3032 3012 3011 3022 2996 2968 2957 2943 2924 2929 2909 2914 2908 2877 2858 2849 2841 2832 2828 2823 2819 2822 2826 2829 2831 2832 2834 2825 2817 2808 2795 2779 2774 2774 2755
3202 3217 3222 3232 3238 3250 3262 3278 3288 3294 3312 3348 3380 3407 3436 3456 3474 3501 3508 3521 3533 3528 3527 3523 3515 3493 3473 3449 3403 3380 3372 3364 3354 3343 3318 3299 3275 3272 3268 3251 3233 3232 3224 3207 3183 3163 3135 3108 3085 3088 3076 3081 3079 3043 2998 2974 2969 2952 2958 2941 2932 2927 2920 2910 2902 2894 2886 2882 2878 2874 2876 2878 2880 2879 2878 2877 2867 2858 2849 2837 2819 2788 2769 2774
3201 3211 3220 3235 3242 3250 3258 3276 3290 3306 3327 3363 3394 3423 3457 3464 3498 3514 3535 3542 3545 3538 3532 3530 3521 3520 3510 3479 3417 3400 3386 3377 3372 3359 3340 3321 3299 3296 3283 3275 3261 3265 3255 3236 3209 3214 3180 3136 3140 3132 3121 3114 3098 3083 3048 3016 3011 3005 2984 2976 2962 2968 2976 2961 2954 2948 2941 2937 2933 2929 2930 2930 2931 2927 2923 2919 2910 2900 2890 2879 2866 2842 2811 2805
3200 3214 3228 3231 3241 3255 3268 3285 3301 3331 3356 3384 3413 3451 3469 3503 3527 3548 3561 3567 3570 3559 3548 3538 3536 3529 3525 3503 3465 3420 3418 3400 3385 3372 3354 3345 3327 3326 3322 3310 3312 3301 3300 3291 3274 3234 3220 3198 3160 3165 3161 3170 3165 3142 3080 3041 3043 3048 3031 3036 3029 3057 3058 3037 3007 3001 2995 2991 2988 2984 2983 2983 2982 2975 2969 2962 2952 2941 2931 2927 2935 2888 2836 2827
3200 3214 3224 3236 3246 3264 3264 3291 3334 3363 3390 3410 3435 3468 3515 3540 3557 3574 3583 3592 3589 3586 3561 3545 3542 3544 3533 3518 3479 3466 3434 3438 3409 3389 3378 3365 3360 3359 3352 3353 3347 3346 3350 3310 3296 3280 3267 3227 3196 3191 3183 3183 3175 3167 3145 3141 3124 3091 3088 3104 3111 3103 3128 3132 3083 3048 3043 3039 3035 3031 3027 3023 3019 3011 3003 2994 2985 2976 2967 2966 2979 2978 2891 2890
3205 3220 3234 3247 3248 3263 3280 3338 3363 3396 3413 3429 3474 3514 3547 3564 3580 3601 3607 3605 3603 3598 3590 3582 3578 3578 3551 3553 3508 3481 3471 3460 3447 3440 3441 3423 3399 3394 3395 3383 3378 3373 3361 3358 3344 3308 3291 3272 3244 3251 3230 3186 3180 3175 3177 3183 3168 3140 3129 3123 3152 3145 3143 3148 3144 3114 3092 3087 3083 3079 3071 3064 3056 3046 3036 3027 3019 3011 3000 2991 2991 2994 2985 2978
3206 3218 3237 3251 3256 3287 3339 3357 3401 3421 3438 3485 3511 3538 3559 3592 3616 3622 3632 3633 3636 3622 3607 3603 3599 3600 3593 3573 3549 3509 3502 3491 3477 3470 3475 3453 3431 3429 3421 3419 3419 3410 3399 3400 3383 3367 3347 3338 3316 3301 3300 3292 3268 3242 3220 3212 3202 3179 3183 3187 3178 3163 3147 3143 3152 3155 3141 3135 3131 3126 3115 3104 3093 3082 3070 3053 3043 3036 3032 3023 3012 3006 2992 2982
3221 3244 3263 3292 3337 3340 3373 3405 3439 3461 3481 3517 3539 3555 3589 3615 3622 3644 3653 3659 3655 3647 3642 3636 3641 3622 3621 3614 3599 3573 3566 3562 3543 3534 3533 3503 3481 3463 3457 3442 3430 3429 3418 3412 3395 3385 3371 3349 3339 3324 3319 3318 3298 3286 3265 3245 3228 3212 3198 3190 3191 3190 3194 3187 3188 3181 3176 3175 3162 3157 3145 3132 3120 3109 3091 3084 3069 3065 3058 3049 3029 3019 3000 2990
3249 3292 3314 3336 3340 3371 3404 3438 3477 3483 3515 3535 3576 3591 3613 3621 3647 3652 3662 3668 3689 3685 3682 3661 3664 3649 3634 3624 3607 3607 3604 3631 3627 3599 3580 3547 3523 3489 3458 3452 3446 3432 3423 3421 3410 3392 3382 3365 3361 3348 3330 3333 3323 3314 3295 3272 3248 3230 3219 3211 3207 3210 3219 3221 3217 3214 3216 3218 3197 3189 3179 3166 3152 3137 3119 3096 3085 3077 3065 3056 3044 3022 3014 3002
3290 3314 3337 3371 3381 3401 3425 3481 3499 3517 3541 3570 3583 3595 3617 3626 3647 3655 3671 3687 3694 3696 3689 3684 3668 3661 3661 3667 3664 3658 3652 3643 3634 3628 3601 3581 3551 3523 3501 3491 3476 3447 3438 3430 3427 3414 3402 3385 3377 3361 3354 3349 3338 3325 3313 3296 3288 3265 3263 3256 3252 3254 3244 3242 3238 3241 3227 3224 3216 3216 3202 3195 3184 3171 3158 3152 3126 3096 3085 3066 3051 3032 3019 3014
3317 3349 3372 3382 3393 3417 3441 3496 3510 3523 3546 3581 3584 3591 3605 3621 3630 3653 3667 3683 3687 3695 3692 3688 3681 3679 3678 3675 3668 3665 3671 3663 3654 3642 3621 3605 3577 3549 3519 3506 3491 3479 3449 3444 3436 3430 3418 3408 3386 3370 3361 3349 3344 3333 3320 3311 3300 3294 3294 3297 3290 3292 3288 3256 3251 3239 3237 3223 3221 3211 3208 3198 3188 3178 3170 3160 3147 3135 3108 3079 3068 3040 3030 3020
3380 3399 3401 3398 3413 3419 3434 3491 3509 3522 3537 3558 3575 3568 3582 3594 3609 3631 3650 3662 3679 3691 3690 3692 3688 3690 3684 3680 3679 3678 3675 3671 3658 3651 3647 3624 3591 3567 3543 3512 3505 3491 3482 3457 3450 3430 3419 3407 3394 3382 3371 3366 3352 3333 3323 3317 3316 3313 3315 3315 3316 3318 3303 3292 3275 3257 3238 3224 3223 3224 3216 3209 3198 3188 3181 3175 3166 3148 3135 3106 3071 3053 3044 3036
3413 3418 3423 3423 3421 3416 3425 3472 3492 3512 3518 3529 3540 3534 3542 3554 3572 3599 3623 3645 3657 3666 3674 3677 3685 3683 3682 3680 3677 3675 3674 3672 3670 3661 3653 3626 3599 3584 3567 3531 3518 3495 3481 3463 3444 3426 3416 3413 3399 3384 3373 3369 3347 3329 3318 3316 3316 3315 3317 3316 3321 3322 3312 3297 3295 3272 3248 3226 3219 3221 3229 3224 3210 3206 3196 3183 3168 3160 3135 3104 3082 3071 3047 3032
3440 3440 3437 3436 3428 3419 3421 3450 3476 3485 3487 3494 3495 3505 3504 3516 3531 3555 3588 3614 3629 3634 3644 3651 3652 3657 3665 3667 3669 3671 3670 3669 3664 3658 3630 3612 3596 3590 3564 3536 3516 3497 3487 3453 3448 3426 3415 3408 3401 3391 3366 3348 3327 3312 3305 3305 3307 3304 3302 3307 3311 3314 3300 3300 3290 3272 3253 3233 3225 3221 3222 3223 3212 3205 3200 3190 3162 3155 3119 3098 3081 3066 3052 3030
3452 3448 3446 3440 3430 3421 3423 3424 3446 3444 3446 3459 3462 3464 3465 3471 3484 3514 3542 3578 3608 3613 3622 3625 3625 3630 3634 3642 3645 3647 3649 3649 3642 3631 3614 3599 3586 3561 3554 3530 3493 3483 3476 3453 3434 3423 3418 3406 3396 3372 3340 3317 3302 3292 3283 3272 3256 3246 3244 3262 3268 3277 3282 3285 3268 3261 3239 3237 3224 3226 3218 3218 3208 3202 3190 3177 3163 3143 3105 3098 3064 3050 3041 3019
3459 3456 3447 3441 3443 3412 3415 3417 3416 3419 3419 3424 3427 3433 3432 3432 3439 3454 3485 3521 3558 3587 3598 3604 3609 3613 3622 3623 3625 3618 3621 3622 3613 3605 3597 3584 3564 3547 3528 3498 3476 3473 3451 3440 3427 3415 3412 3387 3361 3334 3316 3299 3281 3253 3245 3228 3215 3215 3221 3229 3231 3237 3246 3255 3259 3245 3232 3224 3209 3211 3209 3206 3204 3183 3173 3169 3153 3125 3101 3083 3049 3035 3029 3010
3462 3455 3449 3443 3411 3404 3398 3395 3396 3393 3402 3407 3410 3415 3417 3420 3422 3426 3445 3475 3510 3546 3568 3584 3592 3594 3603 3605 3601 3591 3589 3589 3590 3581 3572 3561 3529 3510 3485 3477 3459 3445 3443 3420 3413 3396 3372 3340 3316 3300 3287 3277 3247 3235 3227 3216 3209 3207 3210 3213 3215 3216 3219 3220 3222 3221 3222 3209 3188 3190 3195 3200 3186 3166 3148 3155 3129 3107 3092 3063 3050 3022 3006 2986
