server/spec/dem-tests/trento(circa)/trento(circa).asc
ncols        475
nrows        316
xllcorner    11.045380000000
yllcorner    46.123352000000
dx           0.000277549474
dy           0.000278136076
NODATA_value -32768
[rows 246 to 286 of 316, columns 279 to 371 of 475]
356 390 408 413 426 442 450 456 465 469 469 473 476 472 469 472 472 472 470 468 464 461 460 459 455 456 457 458 460 465 471 474 477 479 483 488 494 503 516 521 530 534 540 546 556 563 572 577 578 579 582 596 609 622 631 641 652 658 661 662 662 661 659 657 656 655 657 659 664 661 660 659 656 656 654 651 645 638 628 615 605 597 592 589 584 581 578 572 564 553 540 526 510
353 387 404 425 434 444 451 457 458 466 468 470 473 472 471 473 472 471 468 464 461 460 461 461 460 457 459 461 465 471 478 484 489 488 494 501 508 519 521 535 542 547 548 554 563 571 577 582 586 589 593 604 617 626 641 648 658 662 664 664 664 665 666 665 662 660 658 655 656 660 662 661 660 657 652 644 635 626 616 600 595 591 589 586 583 582 582 578 572 565 553 538 523
369 383 411 429 433 442 446 452 459 465 470 477 474 470 470 468 467 466 464 461 459 459 460 460 458 460 463 466 469 476 485 489 490 489 494 503 507 515 536 546 550 551 553 559 569 578 583 587 592 597 600 606 617 628 637 645 659 667 669 667 663 668 666 662 660 655 652 652 655 657 660 660 659 657 651 642 630 617 603 600 591 587 586 584 584 583 582 580 577 572 563 552 539
371 391 414 426 436 442 446 453 458 465 471 474 472 465 465 464 464 463 462 461 461 462 461 457 453 450 453 460 466 471 479 486 489 501 498 506 508 532 548 548 550 551 554 561 570 579 587 593 599 603 606 611 618 628 641 644 661 669 672 673 667 662 658 655 654 651 648 646 651 652 654 656 653 649 642 633 622 615 604 599 589 586 584 584 584 583 586 582 577 570 564 557 553
384 394 413 429 436 442 446 451 460 467 464 465 463 458 460 458 457 456 456 459 466 471 468 463 454 453 445 448 451 459 467 471 484 499 510 514 531 538 551 551 547 548 554 562 571 580 586 592 599 608 613 618 623 633 645 655 664 671 670 665 666 662 657 653 650 648 646 643 645 649 647 647 645 640 633 625 617 610 605 600 594 591 587 589 593 594 598 592 585 577 570 562 558
389 405 421 425 431 439 444 444 451 452 453 453 452 451 452 448 450 452 452 460 470 475 473 472 468 453 447 443 444 447 457 465 476 496 509 517 527 538 543 547 546 549 556 564 573 582 591 590 600 609 616 619 628 637 648 657 664 667 665 663 661 660 659 652 648 650 643 641 637 637 636 634 632 631 628 622 615 609 604 601 597 599 603 602 605 609 609 606 598 588 581 573 564
393 414 417 419 425 430 432 438 441 442 439 437 437 436 440 442 446 446 455 468 474 478 477 472 469 462 457 449 444 444 449 461 478 493 518 520 527 536 542 546 549 551 557 566 577 587 596 597 601 606 618 628 633 640 647 653 656 657 656 655 656 657 658 656 652 650 646 646 639 634 635 626 622 618 615 611 610 606 600 597 599 601 605 608 612 616 618 615 606 598 591 584 572
402 415 417 413 418 424 427 431 434 434 431 429 428 429 430 438 443 451 459 469 476 478 480 477 472 472 463 453 447 445 450 467 483 500 517 527 532 536 540 542 550 557 563 570 578 586 594 599 605 612 625 634 640 645 649 653 653 654 654 653 654 656 658 658 655 649 646 642 638 635 630 621 617 612 611 610 607 606 605 601 599 604 609 612 613 616 617 617 617 609 602 596 589
407 411 411 414 414 418 422 423 422 422 420 419 422 428 434 442 450 455 462 470 475 478 478 477 475 472 471 465 457 451 456 464 485 501 514 526 533 536 540 544 552 559 566 573 579 586 591 598 607 618 629 636 642 645 648 649 652 654 656 655 656 657 659 658 653 649 643 638 630 625 623 619 615 613 612 611 611 614 613 609 608 606 609 611 615 618 620 622 621 618 613 610 604
403 406 408 406 406 407 411 414 415 415 417 418 421 428 436 446 457 466 473 478 480 480 480 478 477 474 473 474 469 464 463 467 477 494 512 524 530 536 544 549 554 560 566 576 585 593 599 604 610 622 632 636 636 639 639 639 646 652 656 658 657 656 653 652 645 639 636 625 622 619 616 614 611 608 607 610 612 615 616 614 611 608 611 614 618 621 624 629 628 628 622 617 610
396 396 398 399 399 401 406 410 413 415 416 421 428 433 440 447 457 472 482 485 484 483 482 479 478 479 478 474 471 467 465 469 480 498 513 522 529 537 548 558 561 565 569 581 590 597 602 607 613 624 633 637 636 638 634 635 638 642 646 649 653 654 649 644 637 631 627 622 617 614 611 609 608 608 610 613 616 620 622 619 615 610 611 612 615 619 626 629 635 636 632 628 622
385 388 389 389 391 398 406 413 416 417 418 422 431 439 447 457 463 475 483 486 485 485 484 483 484 483 480 478 475 472 471 474 483 496 507 519 528 539 551 561 566 567 573 582 587 597 604 611 616 621 623 630 634 634 632 632 635 636 638 641 646 651 647 640 633 628 624 620 617 613 611 611 610 610 611 613 620 625 626 620 615 613 616 616 619 622 627 632 639 642 643 637 632
378 381 382 383 387 395 405 414 417 419 421 427 437 449 461 468 471 481 482 484 486 485 485 486 487 484 483 482 480 479 477 477 483 496 509 519 526 536 547 558 564 565 568 572 580 589 601 609 610 614 614 618 623 627 627 625 625 627 632 636 642 642 638 636 632 628 622 618 615 613 612 612 610 609 610 614 623 629 630 625 616 615 620 625 627 630 634 639 644 647 646 644 639
372 376 379 383 387 396 397 408 414 418 424 431 438 448 464 473 476 479 483 486 488 488 488 487 487 488 482 479 473 475 476 477 481 491 505 517 524 531 538 551 559 563 565 569 573 582 593 601 606 608 610 613 617 622 625 628 629 628 630 634 638 640 638 635 635 632 625 618 615 612 613 612 611 611 609 612 620 628 627 625 623 619 621 625 629 633 635 639 643 646 648 648 641
369 373 378 383 386 393 399 405 412 418 427 435 444 453 460 469 471 473 482 487 490 490 488 486 486 487 481 470 464 468 470 470 475 487 502 513 520 525 532 543 551 557 561 565 569 578 588 597 603 605 609 612 617 621 625 627 627 627 626 630 635 640 640 638 636 627 618 613 614 614 615 617 617 618 617 620 626 628 632 631 629 625 627 630 630 633 639 642 644 647 651 651 647
366 371 376 380 384 389 397 405 414 422 430 435 442 453 456 460 466 470 475 480 487 489 490 488 484 482 473 463 457 457 461 465 469 481 498 511 516 520 526 535 544 553 560 563 568 576 584 589 595 601 605 608 613 620 625 626 626 627 622 623 629 636 640 639 635 624 618 616 617 619 621 623 624 629 632 632 631 633 632 629 630 631 628 628 627 632 634 637 642 647 650 649 649
368 371 375 380 386 391 396 401 410 417 426 431 439 443 447 451 457 461 464 465 471 481 484 482 477 472 460 455 451 450 456 464 472 484 497 507 513 519 523 531 541 550 557 562 567 573 580 586 591 596 601 607 612 617 621 623 623 623 622 624 629 634 640 639 634 627 624 623 625 626 631 632 634 638 644 639 639 637 634 636 635 632 632 631 631 630 632 636 642 649 654 654 656
375 377 380 384 390 395 400 403 407 415 420 425 427 431 434 438 445 446 447 452 459 465 470 470 465 461 454 448 445 446 452 461 468 480 493 501 508 514 520 526 534 541 549 557 562 567 572 578 585 593 599 605 610 614 618 619 620 623 625 627 630 634 637 638 633 630 622 628 637 636 638 641 644 647 648 646 644 642 638 638 643 641 635 633 636 636 634 638 644 655 659 661 660
379 381 385 392 398 402 405 408 413 420 426 429 433 435 437 440 444 446 447 448 450 455 460 460 456 453 451 447 449 447 451 458 468 478 487 493 500 510 516 522 530 539 547 553 559 564 569 574 581 587 592 597 606 613 616 618 621 625 629 632 635 637 638 639 634 633 634 637 638 643 649 653 654 654 656 654 652 650 645 645 645 648 647 643 639 641 640 638 647 658 663 666 665
382 384 389 398 404 408 410 415 420 430 436 440 444 445 445 447 450 451 453 454 455 456 456 456 453 449 448 450 453 452 454 460 468 479 485 490 496 504 514 523 531 537 545 551 557 563 568 574 579 584 590 594 599 606 611 617 622 626 631 634 636 637 637 636 635 635 637 638 640 646 653 657 657 657 655 656 654 648 647 649 652 653 652 648 646 642 636 643 654 657 664 667 670
388 390 394 401 407 412 418 424 431 438 443 448 451 454 455 456 457 458 458 457 456 455 455 456 454 451 450 450 454 459 463 467 470 478 488 497 503 508 517 526 533 539 546 553 559 563 567 572 573 578 586 591 596 601 606 612 618 620 624 629 631 632 634 635 634 633 635 637 640 646 653 657 658 658 658 656 654 653 651 651 651 653 653 651 649 640 636 638 650 657 666 671 676
392 394 399 406 414 421 430 439 445 449 454 457 462 464 464 464 465 465 462 458 455 453 453 454 453 453 454 456 461 465 469 474 477 483 491 497 503 510 519 529 537 542 548 554 557 560 564 567 570 576 583 591 598 603 607 610 613 615 619 623 627 631 635 636 636 634 633 637 641 646 652 657 659 663 665 663 660 655 652 652 652 653 652 650 646 640 639 641 648 662 673 678 681
389 397 403 408 417 426 437 447 451 461 464 467 469 468 467 466 464 462 459 456 453 451 451 452 453 455 458 462 466 470 474 478 484 487 490 499 507 514 522 530 537 542 547 553 557 558 559 563 571 578 586 593 598 602 605 608 610 613 617 623 631 638 641 641 641 640 638 637 640 644 649 654 657 665 666 666 663 659 656 657 658 657 654 652 648 648 647 650 657 665 673 679 682
391 396 402 411 420 427 436 448 457 462 466 469 468 467 465 462 458 455 454 454 452 451 451 453 454 460 461 463 467 472 477 482 487 487 491 498 506 515 524 533 540 544 548 553 557 559 562 567 574 581 588 592 595 598 603 607 611 615 620 628 637 645 649 652 648 647 648 646 647 651 654 658 663 665 668 668 664 659 657 658 658 660 658 655 655 657 660 662 665 670 674 678 681
394 400 406 414 422 428 435 445 452 456 459 463 464 464 462 458 450 448 448 449 447 447 447 451 460 461 462 464 469 476 483 487 490 494 495 501 508 515 525 533 540 545 550 554 555 557 558 564 572 579 585 589 592 596 603 610 615 619 625 632 641 644 649 652 653 653 655 654 657 659 662 667 669 671 670 668 666 663 659 658 659 662 662 659 659 662 667 671 675 679 681 685 688
395 402 408 416 424 430 438 445 451 454 459 462 465 464 458 451 444 444 446 445 446 447 449 451 458 461 463 466 472 481 491 496 500 503 506 507 511 516 524 529 535 543 550 554 557 558 562 567 573 580 585 589 592 598 607 615 622 629 635 642 650 654 658 661 663 667 664 665 667 668 668 669 670 671 671 669 670 668 664 664 662 663 663 661 663 666 672 678 683 687 691 696 701
393 398 404 413 424 435 441 448 454 458 463 464 464 463 457 450 446 445 446 448 445 444 445 450 453 459 463 468 475 487 498 504 509 512 516 517 517 519 524 530 537 544 548 552 553 555 562 569 577 584 587 592 597 608 618 624 631 637 644 653 659 665 667 670 673 678 676 675 673 673 673 673 672 671 670 670 671 672 674 671 668 663 662 666 669 673 677 681 686 690 695 703 709
392 398 406 413 421 434 444 452 458 459 462 461 458 455 453 450 449 450 449 445 442 443 447 450 453 458 466 474 484 494 503 512 517 521 523 525 527 526 530 537 543 547 551 551 552 555 563 571 580 587 592 598 603 613 622 628 634 643 651 660 666 671 675 678 678 681 678 675 672 671 672 673 674 672 673 674 674 674 678 678 672 666 666 673 677 680 682 685 692 696 701 706 711
394 399 407 414 421 429 443 452 456 460 458 453 451 451 449 449 451 451 450 447 445 446 449 453 454 458 465 474 487 498 510 519 526 528 529 531 533 533 538 544 547 550 551 551 553 557 562 567 572 580 588 596 602 610 623 630 636 646 653 663 670 670 675 681 684 683 678 672 665 666 668 670 672 671 670 675 674 675 676 677 670 670 671 675 681 683 683 686 693 700 707 711 714
395 399 408 416 422 424 432 445 450 455 455 455 454 451 445 442 443 444 443 442 442 444 449 454 456 461 465 476 490 497 512 525 531 532 533 533 535 536 541 547 549 552 555 557 560 561 564 567 570 575 585 596 605 614 628 636 646 652 658 668 672 674 676 678 680 677 675 670 667 669 669 670 671 670 670 674 677 676 677 679 678 666 672 673 679 679 680 684 690 696 702 707 711
392 396 406 416 421 427 434 439 445 448 453 456 454 450 444 442 441 440 439 439 441 443 447 452 458 464 468 478 488 500 513 526 532 535 538 539 542 539 542 546 551 555 557 559 562 563 565 566 569 575 583 594 601 616 632 648 656 659 664 668 669 667 667 669 669 668 673 672 680 675 673 671 670 670 670 673 675 678 678 675 673 672 668 672 673 674 674 677 682 686 691 699 707
392 396 404 412 420 427 433 441 443 447 451 455 456 450 443 440 440 438 438 439 441 443 446 453 460 466 472 481 491 501 511 522 530 538 544 546 543 540 541 543 548 550 551 555 559 563 565 566 569 574 583 595 607 619 636 654 662 664 667 667 664 666 664 666 669 673 676 681 684 680 670 670 669 669 670 672 675 679 679 677 674 671 669 669 669 669 670 673 676 679 685 692 698
393 399 403 412 424 433 443 448 449 452 454 456 455 451 444 440 436 435 435 436 439 443 447 453 461 465 472 481 490 499 507 511 521 533 541 544 544 541 542 544 545 547 547 552 558 563 565 567 571 579 591 602 614 627 648 660 661 661 660 658 659 664 665 667 671 673 681 690 687 681 671 668 669 670 672 675 679 684 686 685 682 678 674 670 669 670 670 672 673 677 681 687 691
378 389 397 413 425 437 445 449 453 453 456 456 453 449 443 437 435 435 436 438 439 443 445 449 459 466 473 479 486 494 499 511 517 528 534 537 540 540 541 545 548 550 551 554 558 560 562 565 570 583 600 612 616 627 646 653 655 654 654 654 661 663 671 673 675 677 686 691 694 687 677 672 672 673 675 678 682 686 689 689 689 688 685 682 680 679 677 676 676 678 680 684 687
368 380 391 408 421 432 439 444 445 448 451 451 449 444 438 435 433 432 433 435 439 442 444 448 454 462 469 475 480 486 496 507 516 524 528 531 534 538 539 543 548 550 551 555 558 558 559 563 565 575 597 616 619 630 642 646 647 648 649 652 659 665 672 674 674 679 685 692 699 696 684 680 678 677 678 679 684 689 692 693 694 693 692 691 690 689 687 686 685 685 686 687 690
373 377 388 404 412 416 424 428 430 435 438 439 437 435 431 427 426 428 431 433 434 437 441 446 450 458 466 473 480 489 498 508 516 522 528 530 533 537 539 542 545 549 553 557 558 558 557 562 565 577 600 614 622 632 637 640 643 646 649 654 661 669 673 673 676 683 688 693 697 696 693 690 685 684 683 684 688 691 693 694 694 696 698 698 697 696 695 693 691 691 691 693 696
380 382 389 396 400 403 405 404 405 410 416 422 426 426 423 422 422 423 425 429 431 435 442 449 453 459 466 473 482 491 501 511 519 523 527 530 537 543 548 549 551 549 555 560 561 560 559 566 566 581 607 617 624 630 634 636 640 644 649 655 662 669 673 676 679 684 689 695 698 698 697 694 692 692 692 694 697 701 702 701 700 699 700 701 702 702 701 701 700 700 699 699 701
393 396 399 400 400 402 402 399 397 396 399 403 410 417 421 424 423 422 422 425 431 438 444 450 454 459 467 475 482 489 499 511 519 525 529 533 540 548 554 556 557 558 558 562 563 563 564 564 572 592 616 623 626 629 633 636 640 646 651 655 659 664 669 675 681 685 690 697 696 698 699 698 698 700 703 706 709 710 709 708 707 706 706 704 703 702 702 702 701 702 701 702 704
400 404 407 411 410 409 409 411 408 403 401 403 406 411 418 425 427 428 428 431 437 443 447 450 455 458 464 473 479 487 499 509 516 521 528 536 542 550 553 560 560 561 560 558 559 562 563 566 576 603 620 626 628 626 628 633 637 643 649 655 660 666 670 676 681 687 691 696 700 701 701 700 700 702 705 710 713 714 712 712 713 714 714 715 714 709 709 704 706 703 704 706 710
408 411 413 415 415 415 416 417 415 412 409 409 411 413 418 423 427 430 433 436 441 447 452 455 457 464 471 478 482 489 500 509 515 520 527 536 546 554 556 556 557 559 559 557 559 558 564 573 588 610 619 627 627 623 623 627 635 642 648 653 658 663 669 676 683 688 694 699 703 704 705 706 707 708 710 712 714 716 717 717 719 722 724 724 724 720 720 717 713 708 707 707 712
415 419 422 424 424 424 426 428 428 428 424 419 420 416 419 423 427 431 435 438 442 448 454 458 462 469 477 484 490 498 506 511 516 521 527 536 546 554 556 554 554 552 552 553 554 560 564 573 584 603 617 619 620 619 620 622 634 643 649 654 659 666 674 680 686 688 693 698 700 702 706 712 715 717 718 721 725 726 724 724 727 729 732 734 734 733 728 725 720 714 713 712 712
