server/spec/dem-tests/trento(circa)/trento(circa).asc
ncols        475
nrows        316
xllcorner    11.045380000000
yllcorner    46.123352000000
dx           0.000277549474
dy           0.000278136076
NODATA_value -32768
[rows 246 to 286 of 316, columns 93 to 185 of 475]
203 206 208 210 211 210 208 206 204 204 199 191 180 175 182 184 191 197 201 204 203 203 203 203 202 201 201 201 201 204 206 206 205 204 199 195 193 191 191 192 194 194 194 195 197 201 204 203 202 201 201 202 205 205 206 207 208 208 210 212 212 212 209 206 204 204 205 206 206 209 212 215 217 217 215 211 209 206 206 207 208 209 209 211 211 213 213 213 211 210 207 208 211
204 208 210 211 212 210 209 206 206 205 194 192 185 182 178 182 189 194 199 205 205 205 205 203 202 201 201 202 203 203 203 203 203 200 198 196 194 192 192 193 192 192 192 193 196 201 203 203 204 203 203 205 209 209 209 208 208 208 209 210 208 205 203 201 201 201 202 205 208 210 214 218 220 218 214 212 210 207 206 207 207 207 209 211 212 212 214 211 208 206 210 211 213
204 207 209 209 209 209 208 206 204 203 197 199 190 180 178 180 183 193 196 205 206 205 204 203 201 199 198 199 200 201 201 201 200 198 197 197 193 192 196 197 197 198 198 198 200 201 200 199 201 202 204 204 203 205 204 204 209 207 204 205 203 202 201 201 201 202 202 206 208 211 214 217 216 214 212 209 207 208 209 208 207 207 208 210 212 212 210 207 205 207 212 214 216
203 206 207 207 207 207 206 206 201 203 196 190 192 176 173 180 187 194 198 203 204 203 202 201 200 199 199 200 200 199 199 199 199 199 200 199 199 199 199 200 202 201 201 203 203 202 200 200 202 203 205 206 203 203 206 208 210 207 205 204 202 201 201 201 202 203 206 209 211 211 213 210 209 209 208 207 207 207 208 208 208 207 208 212 214 213 207 208 206 207 211 213 214
201 203 204 205 206 206 205 205 203 205 201 193 191 176 176 180 186 196 196 202 202 202 201 201 200 200 199 198 197 198 198 197 198 199 199 199 199 199 199 201 203 205 205 205 205 202 201 201 201 203 203 205 203 205 205 207 209 210 208 206 205 204 203 203 204 209 212 210 212 215 211 207 206 205 205 204 205 205 206 205 205 206 208 211 214 215 214 212 211 212 213 214 214
198 201 203 204 204 203 205 206 206 208 206 200 189 183 179 180 190 197 197 201 202 202 201 201 201 201 198 195 194 195 196 196 198 199 200 199 197 196 197 200 202 203 204 204 203 204 203 203 204 203 203 204 203 205 205 207 213 214 215 208 206 205 204 204 207 212 214 215 213 210 209 207 206 205 204 204 205 205 205 204 205 205 208 212 215 217 220 215 211 211 212 211 212
196 199 202 203 203 203 204 205 203 204 202 196 191 183 178 188 188 191 197 197 198 200 200 201 201 200 196 195 197 196 198 198 200 202 201 201 200 199 198 200 203 203 203 202 202 204 205 205 205 206 207 208 210 206 212 214 215 215 212 208 208 207 206 206 208 212 213 212 212 209 209 209 207 208 209 209 208 205 203 204 206 208 209 211 212 213 213 213 211 211 212 211 213
196 198 200 203 206 206 205 204 203 199 198 196 192 181 181 188 185 190 194 196 197 198 200 201 200 198 200 201 200 199 198 199 202 204 204 203 203 201 200 200 201 201 202 201 199 200 202 201 204 206 209 211 212 212 216 218 214 213 209 206 206 209 211 212 212 212 211 209 209 211 213 212 209 209 208 206 206 206 206 206 206 208 209 210 211 211 210 210 210 210 210 210 212
198 197 199 201 204 206 207 206 204 203 199 194 194 185 187 185 185 187 197 198 198 199 201 201 202 202 201 203 203 201 200 201 204 204 203 203 201 201 201 199 199 200 201 199 199 200 201 202 204 205 208 210 210 212 214 217 215 213 205 205 207 211 214 216 215 215 210 207 207 208 211 210 209 209 206 205 205 207 209 211 211 210 210 212 210 210 211 211 211 211 211 212 212
209 199 197 198 199 201 205 206 205 205 202 198 196 186 184 191 187 189 194 196 201 199 200 201 201 200 200 200 202 203 202 203 203 203 203 203 201 200 199 200 201 201 200 199 200 201 202 203 203 202 203 206 207 208 214 215 208 210 204 204 207 211 218 218 216 214 210 207 205 206 207 208 207 209 208 207 208 210 211 213 214 214 213 213 211 212 213 213 212 211 213 213 212
231 211 197 194 195 195 198 202 203 203 202 198 194 191 190 191 189 190 192 194 196 193 191 196 195 195 198 199 199 201 201 202 202 200 198 199 198 198 200 201 200 200 198 198 199 201 202 201 201 201 201 203 204 208 215 217 210 213 211 210 213 215 212 213 214 212 208 206 204 203 203 202 202 203 206 206 207 208 210 212 214 214 213 213 212 212 212 213 213 212 213 215 214
274 247 212 197 196 196 198 200 203 204 204 200 194 192 191 189 192 188 192 192 196 197 193 191 191 191 193 194 194 197 198 198 198 198 197 201 201 200 201 202 203 204 202 201 201 202 202 200 200 201 202 206 204 208 217 219 217 216 216 214 213 216 214 210 212 210 208 205 203 203 202 201 201 202 205 207 208 207 207 208 210 211 212 211 211 211 211 212 213 214 215 217 218
283 276 244 219 202 200 200 200 200 201 202 201 198 199 196 195 192 190 191 192 191 191 187 179 178 180 188 190 191 192 195 198 198 197 197 199 200 201 201 202 205 209 207 206 204 203 202 203 202 203 204 206 207 209 213 214 215 215 218 212 213 212 212 209 210 209 209 207 204 201 202 204 204 206 207 207 208 208 207 206 206 204 209 209 208 207 207 208 210 213 217 219 219
307 280 272 242 216 210 204 200 199 200 201 201 199 201 198 196 193 192 188 189 192 190 177 177 179 184 187 191 193 195 198 196 198 200 201 201 202 203 203 203 204 207 208 207 207 204 203 204 205 206 206 206 207 208 210 207 207 209 213 214 216 214 211 210 206 205 205 206 206 206 205 208 209 209 210 209 209 209 206 203 207 206 208 210 210 210 210 210 212 215 217 219 219
334 309 282 267 248 229 211 206 204 202 201 201 201 202 201 195 195 193 191 191 187 187 184 183 191 188 190 193 190 194 190 192 193 195 198 201 202 202 201 201 201 202 203 204 206 205 204 205 204 204 203 205 204 204 204 206 207 209 209 212 210 209 208 207 207 207 207 206 206 208 209 210 210 209 207 206 206 205 204 207 209 211 212 212 212 212 211 211 212 212 213 215 217
347 333 310 292 271 255 240 221 213 206 202 201 203 203 202 200 197 193 191 191 185 184 186 194 191 194 196 199 198 196 195 191 193 196 198 199 200 200 198 197 198 198 199 200 200 200 201 203 204 204 206 210 210 207 210 212 213 214 212 210 209 207 206 204 205 205 206 206 206 208 209 209 208 208 207 206 204 204 203 205 206 209 211 213 213 212 210 210 210 209 210 213 217
363 349 332 312 294 281 259 239 221 212 204 202 202 202 202 205 199 195 193 193 187 183 191 191 194 198 198 200 199 201 196 192 194 196 198 198 198 198 196 195 197 198 200 200 199 198 199 201 204 202 206 207 212 212 212 212 211 211 210 210 205 207 206 205 204 205 207 207 209 210 211 211 210 208 205 202 202 202 202 204 207 208 209 210 210 210 210 209 209 210 212 215 218
378 372 356 333 307 304 277 255 227 218 208 205 203 203 205 208 204 197 194 191 187 186 191 192 196 195 195 196 195 192 192 194 195 196 198 199 199 197 196 198 197 203 204 202 201 201 202 203 199 199 204 202 200 201 206 209 209 210 207 207 206 204 206 205 204 203 204 208 209 210 210 211 210 208 205 201 200 201 205 207 209 209 209 207 206 206 208 208 210 212 214 216 216
393 379 369 353 332 319 298 267 235 213 209 206 204 203 204 204 203 197 195 191 189 186 183 188 195 195 195 194 194 195 196 197 198 197 199 201 201 200 199 201 200 206 208 208 207 204 205 209 212 211 206 206 199 206 215 210 209 208 207 206 206 206 206 204 202 201 202 209 210 210 211 210 209 209 205 198 197 198 201 204 210 211 211 209 205 205 205 210 209 214 216 216 219
415 399 389 371 362 338 325 284 237 215 213 207 204 202 203 204 205 198 196 193 188 182 183 186 196 199 199 200 199 198 200 199 201 202 202 200 199 199 200 202 204 207 209 208 209 207 210 214 217 217 214 207 209 216 218 214 210 208 207 204 202 202 197 195 196 200 204 207 208 209 210 210 211 211 209 202 201 201 200 205 205 206 208 209 209 209 208 211 212 210 213 214 219
434 428 411 392 375 356 339 291 235 220 206 203 199 200 200 205 205 199 199 195 191 187 189 192 198 201 202 202 203 202 205 203 206 208 207 202 198 198 198 200 204 207 209 210 211 210 211 210 220 223 218 212 218 222 217 214 212 210 208 206 206 205 201 198 198 201 203 207 207 208 212 211 209 208 209 207 204 204 204 204 204 204 207 209 210 211 213 214 214 214 219 222 228
449 433 424 408 391 364 335 302 268 236 209 201 196 198 201 205 206 204 200 197 194 191 196 198 200 201 203 202 207 208 205 206 207 207 205 202 199 198 197 199 202 206 210 211 208 208 211 210 218 221 222 213 212 212 211 210 211 210 210 209 207 207 207 205 203 203 205 205 206 209 210 212 211 210 209 208 208 209 209 207 207 209 210 211 213 213 216 218 220 219 226 230 232
451 443 430 417 402 378 354 313 290 246 217 203 197 197 198 200 202 201 199 195 190 190 194 193 197 198 200 198 199 201 201 203 204 205 202 199 199 199 201 201 202 204 206 211 208 206 207 217 224 221 217 215 211 208 204 206 207 208 208 207 205 206 207 207 207 207 207 206 208 213 214 215 213 212 211 211 211 211 212 212 212 213 214 214 216 215 216 218 221 223 226 237 246
457 452 437 419 403 377 351 321 288 253 229 215 203 197 197 199 200 203 198 194 192 187 187 190 194 196 200 199 199 200 201 198 197 200 201 201 201 202 203 201 200 199 202 207 206 206 214 219 228 220 213 210 209 206 203 206 205 204 203 202 203 205 207 209 210 211 211 210 212 214 215 214 215 213 212 212 213 213 213 211 210 211 212 216 215 214 216 219 221 218 227 244 253
469 452 447 426 396 383 358 327 300 265 240 224 214 201 198 197 202 202 200 198 194 192 189 191 193 199 201 201 200 199 202 200 202 201 201 201 202 203 204 204 202 202 206 210 211 217 223 227 225 218 213 208 207 206 204 204 206 204 202 202 203 206 207 209 209 210 210 210 210 211 215 216 212 212 209 210 209 208 209 210 209 213 213 213 213 213 215 217 222 220 229 232 245
469 458 455 426 404 387 365 352 317 289 255 238 225 215 203 200 200 203 202 199 196 195 191 193 193 198 201 202 202 201 201 201 203 204 202 203 204 205 204 205 206 206 209 213 220 221 225 227 219 216 214 212 207 204 205 205 205 202 200 201 203 205 206 205 205 207 207 207 207 210 210 207 209 209 207 210 211 211 210 209 209 210 210 212 212 213 214 219 224 231 230 231 235
511 467 444 440 421 404 381 357 344 314 284 256 239 228 213 203 198 201 203 199 197 192 191 192 194 196 202 204 204 202 203 204 205 206 206 205 206 206 205 205 206 206 207 208 215 228 223 222 215 213 216 213 210 207 207 209 207 205 203 200 201 202 202 202 203 204 206 208 208 209 207 206 206 210 210 211 209 210 208 206 207 208 211 212 213 214 215 215 218 223 228 230 230
533 492 459 443 427 405 388 372 350 337 311 282 261 244 223 208 199 195 197 189 191 189 189 187 190 194 202 204 204 203 203 203 204 204 204 203 205 207 207 206 206 207 210 211 217 225 218 217 210 211 213 213 211 210 206 205 204 205 205 203 203 202 203 202 205 205 207 209 210 214 213 213 210 211 209 210 208 208 209 208 208 209 210 212 213 213 213 214 216 219 222 226 225
534 503 480 456 436 420 398 378 363 341 320 304 272 252 228 213 200 195 194 189 189 190 187 186 189 194 197 200 199 199 201 202 202 201 201 200 203 205 205 206 207 210 212 218 227 224 223 214 207 209 208 209 210 206 202 200 202 204 205 203 202 201 201 202 204 206 208 210 214 218 219 218 216 211 207 206 210 211 212 212 211 212 213 213 212 210 210 212 214 217 217 217 218
534 507 485 458 445 430 417 400 374 361 340 309 289 273 237 224 210 201 192 189 193 191 191 186 188 189 193 195 196 197 200 201 202 204 204 202 201 203 205 206 210 215 223 222 216 223 216 208 205 203 203 205 208 209 208 205 205 203 202 201 202 202 201 200 202 206 207 210 216 221 223 221 218 216 212 212 215 217 215 214 213 211 211 211 210 209 210 211 214 218 218 217 216
539 530 506 481 459 445 429 400 376 359 343 322 296 275 247 234 223 211 202 198 196 187 189 189 189 189 188 193 195 197 199 200 200 201 201 200 198 200 204 209 215 219 219 220 216 220 213 204 200 198 199 203 210 217 218 216 215 213 211 210 208 207 205 204 206 210 211 212 214 216 216 216 216 215 213 210 209 209 211 211 211 211 212 211 212 211 210 209 212 214 218 220 219
557 530 525 508 466 450 434 411 379 364 343 327 308 281 254 246 236 223 212 199 190 194 193 192 193 192 190 191 191 199 201 201 200 200 197 195 194 198 213 207 207 213 217 219 217 214 212 200 197 194 198 205 212 216 217 216 215 214 214 213 212 211 210 213 215 217 213 213 214 213 211 207 206 210 210 207 205 207 207 209 209 210 213 213 213 212 209 208 208 212 215 217 217
583 550 533 503 490 468 442 421 390 372 354 337 317 294 266 250 241 231 216 205 194 191 193 194 193 191 189 188 191 197 199 201 198 196 196 196 194 203 210 207 208 211 213 212 212 219 207 200 199 198 200 205 209 211 209 207 206 207 207 206 207 207 209 209 211 214 215 214 213 207 205 199 195 194 195 200 202 205 206 208 209 211 211 212 212 210 206 204 204 205 210 212 213
582 550 528 514 491 481 453 423 400 382 370 350 331 302 274 254 242 232 220 210 198 189 194 194 192 190 189 185 192 194 196 196 194 198 196 196 197 205 215 214 210 214 209 207 204 213 201 199 200 200 202 205 208 210 210 210 209 208 206 204 205 206 205 206 210 213 214 213 209 204 202 194 191 191 191 198 201 205 207 208 209 211 213 212 211 212 210 209 208 207 206 208 209
586 556 544 508 499 481 452 425 405 396 382 358 340 322 294 272 247 235 212 207 200 196 194 194 192 189 187 187 189 193 196 195 193 187 189 196 200 206 209 212 211 209 209 207 206 204 198 202 204 205 206 206 209 212 215 216 215 213 211 208 207 207 207 209 212 215 214 213 209 204 198 199 192 191 192 194 204 207 211 215 213 213 214 214 212 213 213 214 214 213 211 212 211
625 587 547 528 508 478 446 436 411 403 390 372 353 340 317 295 270 241 218 207 203 199 193 191 189 188 186 185 185 189 193 195 194 195 194 196 200 205 210 208 211 205 209 205 202 201 203 203 204 205 205 205 209 213 216 218 218 218 217 214 212 213 214 216 217 217 214 210 206 203 199 194 193 195 197 201 203 208 215 216 215 214 213 211 212 214 218 220 221 219 218 217 221
626 604 584 554 529 494 468 450 426 410 398 384 368 357 339 315 290 264 236 214 204 195 191 189 189 187 186 187 186 188 195 193 195 194 194 196 200 200 202 205 207 209 209 207 206 206 207 206 206 205 205 208 212 215 216 217 218 218 218 216 215 215 216 217 217 215 212 209 207 203 202 195 193 196 200 204 208 213 216 215 213 213 212 211 214 216 219 220 221 221 219 219 221
624 613 598 585 556 517 480 455 448 431 418 403 382 370 357 340 312 282 253 229 210 196 192 190 194 192 189 187 190 191 192 198 197 197 197 199 202 199 200 200 200 204 202 205 208 211 211 209 208 207 207 210 214 217 219 219 218 218 219 219 220 219 218 216 211 208 208 207 207 206 202 198 199 201 205 210 215 215 216 215 213 213 214 214 214 216 219 220 221 221 222 221 221
636 624 614 602 582 546 509 480 458 453 434 419 403 378 360 352 332 307 272 240 218 205 198 196 198 198 192 191 195 195 197 199 199 201 201 202 204 205 202 200 197 198 201 205 205 209 210 209 209 209 210 214 217 219 220 220 220 221 220 221 220 218 215 211 208 206 207 208 207 205 207 204 206 207 211 218 221 222 219 218 219 218 218 221 220 220 221 222 222 222 221 220 219
643 632 619 603 589 555 531 508 490 478 455 433 420 392 375 360 344 314 288 256 234 214 202 200 200 199 198 194 195 196 197 198 199 199 199 200 201 202 203 195 191 196 197 206 207 208 209 209 210 209 212 214 215 217 218 218 218 219 218 217 214 212 209 207 204 203 208 208 206 204 204 209 213 213 215 216 216 217 219 219 220 220 220 220 220 220 219 220 220 219 218 218 217
669 643 639 624 609 585 560 533 509 494 476 456 437 417 396 380 358 336 308 284 250 227 205 196 195 199 195 192 191 194 197 199 201 201 201 202 202 201 200 194 189 196 198 205 208 208 207 202 201 203 205 207 211 213 213 213 213 212 211 211 211 211 209 205 204 206 209 209 208 207 208 211 211 213 216 217 217 217 217 217 218 218 218 219 216 216 217 217 218 218 218 218 217
