server/spec/dem-tests/trento(circa)/trento(circa).asc
ncols        475
nrows        316
xllcorner    11.045380000000
yllcorner    46.123352000000
dx           0.000277549474
dy           0.000278136076
NODATA_value -32768
[rows 41 to 81 of 316, columns 93 to 185 of 475]
1327 1330 1325 1310 1299 1292 1285 1280 1282 1284 1285 1281 1283 1280 1270 1252 1229 1209 1195 1173 1150 1134 1118 1102 1083 1073 1056 1012 977 955 930 913 892 864 850 837 831 824 819 815 813 813 806 800 794 790 787 784 780 776 771 762 753 744 742 739 743 748 766 792 803 815 829 838 841 841 838 833 826 821 818 814 809 796 781 767 749 741 731 709 692 678 661 649 635 612 597 584 574 566 538 514 505
1342 1340 1336 1325 1311 1305 1299 1295 1287 1275 1273 1273 1270 1265 1257 1246 1229 1216 1196 1177 1157 1133 1121 1101 1080 1062 1043 1002 975 948 927 914 898 872 854 842 834 828 820 819 817 818 814 812 808 803 800 795 790 785 778 766 755 754 744 741 746 752 769 792 804 818 834 843 846 846 843 837 831 826 822 815 804 791 782 772 765 758 745 736 721 700 688 673 658 650 624 614 613 595 565 542 541
1358 1354 1346 1338 1326 1317 1311 1297 1288 1277 1272 1272 1264 1259 1245 1233 1213 1204 1184 1170 1145 1125 1113 1093 1076 1054 1031 1002 969 943 925 911 896 877 866 856 844 831 823 820 821 821 819 815 813 807 801 795 790 787 783 775 771 753 742 734 737 744 760 794 808 827 841 848 852 853 850 844 837 831 824 813 799 788 786 783 777 769 757 743 735 725 703 691 679 664 645 626 616 609 601 587 554
1370 1367 1361 1355 1343 1330 1320 1309 1299 1290 1279 1274 1263 1247 1233 1225 1200 1184 1173 1155 1131 1114 1100 1086 1067 1049 1020 994 970 946 924 907 890 878 869 862 851 839 829 823 820 820 817 813 810 806 799 792 788 786 787 782 774 758 742 738 735 737 761 786 809 827 841 849 853 852 849 847 844 836 826 806 792 786 781 777 778 765 755 757 748 734 711 699 684 668 652 637 628 621 613 596 580
1377 1374 1369 1363 1353 1345 1331 1321 1312 1299 1289 1275 1258 1244 1228 1212 1189 1176 1162 1137 1123 1105 1092 1077 1059 1033 1007 991 965 943 926 908 891 879 870 861 852 839 830 823 819 817 814 811 809 806 798 791 788 787 789 786 781 759 742 737 731 740 756 782 807 823 836 844 851 852 852 851 847 837 826 808 793 783 776 771 766 761 757 754 744 732 717 705 688 674 652 642 632 623 612 598 574
1385 1377 1375 1370 1367 1353 1337 1325 1317 1311 1300 1280 1262 1247 1232 1213 1186 1170 1156 1143 1119 1097 1083 1072 1054 1022 1004 990 968 948 933 914 896 884 874 864 853 843 829 822 820 818 816 815 811 804 798 791 789 789 788 784 781 762 736 731 739 749 763 786 804 821 833 843 850 850 848 846 839 829 817 806 793 776 771 766 760 754 747 743 734 731 720 708 687 661 644 636 626 617 606 590 569
1399 1392 1388 1383 1366 1359 1346 1337 1327 1316 1303 1280 1262 1251 1229 1200 1181 1167 1153 1130 1113 1094 1068 1049 1029 1009 991 978 964 948 934 919 900 884 875 864 852 843 831 828 823 820 820 819 814 808 798 792 790 791 789 783 779 767 738 740 739 750 768 789 808 822 834 839 845 848 846 842 834 824 809 796 785 772 766 761 754 746 738 733 725 717 709 694 679 661 646 636 625 609 594 585 570
1410 1402 1398 1393 1378 1364 1360 1350 1329 1317 1308 1294 1277 1254 1227 1203 1178 1161 1150 1133 1115 1096 1067 1042 1018 1008 990 977 970 954 937 917 905 891 879 867 853 844 837 833 824 819 819 816 813 809 802 797 793 789 788 785 779 765 738 737 747 755 767 793 811 821 829 834 841 844 843 839 832 821 807 793 781 775 764 758 748 742 734 728 720 710 699 687 674 659 647 638 626 612 599 578 561
1413 1407 1402 1394 1386 1377 1363 1356 1340 1323 1311 1297 1282 1263 1236 1205 1182 1163 1153 1133 1117 1088 1071 1036 1023 1007 988 977 969 958 939 923 902 891 880 867 856 846 838 832 822 816 812 809 807 806 804 801 797 793 788 784 771 752 741 736 741 766 780 804 819 827 831 835 842 847 847 843 835 827 815 804 793 785 774 763 747 734 725 720 716 707 694 686 674 661 649 637 622 610 599 582 564
1419 1416 1409 1400 1395 1383 1371 1359 1346 1326 1311 1298 1282 1264 1231 1207 1179 1162 1155 1140 1124 1093 1072 1068 1036 1019 1007 986 975 960 943 926 903 883 872 864 855 846 838 829 819 812 808 805 805 803 801 802 803 802 799 795 776 752 748 748 752 771 793 815 828 837 840 845 849 850 851 847 838 833 826 817 805 797 784 775 759 740 728 719 715 704 692 682 674 666 654 641 628 617 580 588 543
1423 1423 1419 1413 1402 1386 1372 1361 1351 1338 1321 1308 1291 1269 1235 1209 1184 1165 1155 1147 1133 1112 1094 1075 1041 1022 1005 996 981 965 946 932 906 883 868 860 853 845 834 823 814 810 808 809 808 807 805 804 806 806 806 795 783 765 755 756 770 784 803 817 834 843 847 849 853 857 857 855 853 846 838 828 817 808 798 790 779 765 751 734 719 711 701 690 682 673 667 651 635 598 574 554 514
1426 1425 1420 1417 1406 1397 1384 1367 1351 1332 1315 1306 1293 1272 1251 1228 1204 1176 1158 1146 1135 1111 1092 1072 1038 1018 1009 994 981 965 946 930 908 889 877 863 851 840 827 820 814 812 809 809 809 807 809 808 810 811 805 789 777 765 757 758 769 782 800 824 836 845 848 853 855 859 862 864 862 860 852 840 829 816 806 797 787 774 768 747 727 715 704 696 688 684 672 652 639 592 551 519 478
1421 1423 1421 1418 1409 1400 1387 1367 1348 1329 1309 1297 1286 1258 1253 1235 1208 1195 1175 1153 1137 1120 1094 1083 1052 1023 1004 994 973 954 941 916 897 890 874 860 843 829 821 819 814 811 809 812 814 813 813 809 811 811 806 791 775 763 758 760 768 787 810 829 837 845 851 855 858 861 865 868 868 865 862 850 837 828 810 801 790 782 775 765 742 726 712 705 699 690 678 657 595 548 504 482 425
1423 1422 1419 1419 1410 1397 1384 1372 1346 1325 1302 1285 1276 1246 1237 1223 1207 1193 1179 1160 1141 1114 1089 1080 1057 1030 1006 989 966 950 928 911 893 881 867 855 833 821 818 812 809 805 806 810 813 814 815 813 811 808 803 787 776 771 761 765 781 804 824 833 839 844 849 855 855 858 867 871 872 870 865 858 847 838 829 817 802 793 786 773 754 733 715 709 698 692 673 600 551 502 452 385 373
1432 1427 1421 1414 1401 1389 1368 1362 1344 1321 1297 1285 1256 1248 1225 1217 1204 1189 1172 1153 1138 1117 1101 1082 1062 1026 1005 975 963 946 931 910 893 877 863 844 838 824 824 816 813 808 807 807 809 811 812 812 810 810 804 797 780 778 775 776 793 814 828 837 843 848 854 856 860 865 873 875 877 879 876 871 864 855 843 829 813 800 790 775 753 729 707 699 690 679 604 543 490 470 391 329 327
1439 1436 1431 1420 1404 1392 1365 1360 1341 1328 1310 1296 1263 1248 1232 1218 1207 1192 1170 1149 1126 1113 1098 1081 1056 1023 1000 982 958 940 919 904 891 876 863 850 840 831 826 820 818 815 812 809 811 811 811 812 813 809 803 798 783 776 779 779 797 812 830 840 847 852 857 859 864 869 873 875 879 881 883 879 869 863 848 830 812 790 779 755 729 706 696 684 672 607 550 486 464 408 330 319 289
1447 1443 1434 1424 1417 1402 1384 1363 1342 1323 1310 1297 1281 1259 1240 1225 1211 1194 1169 1145 1122 1112 1091 1062 1041 1018 1001 969 958 939 917 905 893 879 870 855 847 838 831 825 822 819 818 818 818 819 815 814 812 809 808 800 783 778 775 781 801 824 839 848 853 856 857 861 867 871 874 876 878 881 881 877 867 857 844 820 797 783 750 735 700 680 656 616 610 544 508 460 418 352 323 298 264
1454 1449 1438 1428 1418 1400 1382 1365 1344 1326 1303 1295 1281 1264 1246 1228 1215 1189 1176 1142 1125 1106 1075 1057 1040 1023 998 965 953 938 920 906 893 888 873 857 843 837 832 828 828 826 823 822 821 823 819 815 812 810 808 794 783 784 783 788 806 833 848 855 855 857 859 861 864 866 868 872 877 880 879 873 860 846 832 810 788 772 736 710 680 661 612 598 557 515 470 431 348 341 292 272 264
1466 1455 1445 1433 1419 1391 1377 1367 1352 1316 1302 1297 1284 1268 1250 1224 1208 1192 1175 1160 1131 1096 1082 1065 1045 1027 1009 973 947 933 923 910 901 889 871 856 843 840 835 833 832 834 833 831 827 822 817 813 815 809 800 792 781 788 785 799 822 839 851 853 856 857 859 860 864 866 868 871 875 878 876 869 857 842 820 805 787 771 742 696 678 634 600 561 513 471 428 334 338 283 274 265 248
1470 1455 1443 1430 1418 1389 1376 1367 1348 1317 1304 1298 1284 1273 1243 1220 1203 1188 1181 1161 1135 1103 1086 1066 1047 1030 1005 973 945 930 921 912 900 888 873 854 845 839 835 834 833 836 837 834 832 822 820 815 809 805 798 788 785 788 787 803 829 840 848 850 856 858 862 864 864 867 867 868 871 872 874 867 849 830 813 795 781 753 725 700 674 629 566 517 483 444 338 333 279 267 258 250 239
1465 1454 1444 1430 1417 1400 1377 1360 1343 1327 1315 1297 1287 1267 1239 1218 1202 1187 1172 1158 1137 1109 1091 1072 1052 1028 996 968 946 937 923 911 899 885 875 856 849 843 839 837 837 836 835 830 824 822 819 818 808 802 796 788 785 786 786 803 825 842 849 852 857 859 864 867 871 870 869 870 872 873 870 861 845 827 809 788 771 753 731 696 667 616 513 491 440 395 342 308 272 255 248 238 234
1461 1453 1443 1428 1414 1397 1379 1354 1340 1329 1310 1291 1275 1248 1240 1216 1209 1193 1179 1161 1139 1115 1092 1073 1056 1025 991 959 941 936 922 909 896 885 873 863 853 849 844 842 841 837 835 831 828 823 819 816 813 806 795 789 786 785 788 807 824 841 847 855 857 861 865 869 870 870 870 870 871 872 868 860 849 839 812 789 766 750 726 662 623 524 490 481 443 386 349 305 270 249 239 232 229
1461 1453 1443 1431 1421 1401 1378 1355 1335 1322 1309 1291 1275 1254 1232 1217 1204 1193 1176 1152 1132 1110 1089 1072 1056 1027 987 950 940 936 923 909 900 887 874 862 855 852 849 844 840 837 831 828 826 823 818 815 813 810 802 797 793 792 798 813 831 840 846 851 854 858 862 865 868 870 871 870 870 871 869 861 852 837 816 788 773 749 693 643 606 522 485 451 420 380 357 305 264 238 229 230 224
1464 1454 1440 1428 1415 1399 1376 1348 1333 1321 1305 1291 1274 1244 1222 1210 1199 1181 1158 1141 1126 1112 1089 1067 1043 999 971 956 945 936 925 914 902 887 874 860 853 849 847 841 836 832 830 827 826 822 817 814 812 813 813 806 801 799 803 820 827 839 844 849 854 858 861 864 868 872 875 873 871 868 864 859 849 835 812 783 749 714 646 606 528 487 466 430 392 374 351 306 254 231 225 221 219
1465 1449 1438 1426 1404 1389 1367 1348 1332 1319 1305 1286 1273 1246 1217 1202 1185 1167 1145 1127 1113 1102 1077 1056 1038 998 977 960 955 940 923 913 901 891 872 856 847 845 843 839 835 833 831 830 828 827 822 818 819 818 818 814 809 804 810 822 833 839 845 852 860 864 867 870 874 877 876 872 866 862 859 853 842 833 782 756 742 675 624 570 511 465 436 411 376 355 338 286 247 232 221 217 216
1462 1452 1440 1424 1406 1387 1368 1345 1327 1311 1299 1285 1268 1246 1222 1196 1181 1167 1141 1122 1103 1089 1070 1049 1022 999 987 975 963 942 927 913 902 888 865 851 844 843 843 843 842 837 833 829 828 827 823 817 815 817 816 815 807 806 814 826 833 841 850 861 868 874 876 877 877 878 876 868 857 849 843 838 831 800 774 742 704 661 604 550 469 449 404 374 360 335 301 266 242 228 222 218 218
1465 1453 1443 1424 1405 1386 1360 1337 1320 1306 1297 1291 1271 1254 1223 1195 1174 1164 1139 1114 1101 1086 1059 1029 1013 994 981 972 958 946 927 914 903 888 868 854 848 849 849 850 845 841 835 830 826 822 817 811 807 805 803 801 801 804 813 824 834 843 850 863 871 877 879 879 877 873 869 861 849 835 826 817 801 777 738 703 665 627 574 513 463 438 376 366 345 309 276 239 233 223 216 218 218
1468 1455 1440 1418 1402 1382 1360 1330 1313 1297 1286 1276 1265 1252 1227 1209 1180 1157 1134 1115 1092 1076 1054 1025 1009 999 986 973 956 943 925 912 898 887 868 855 852 848 848 848 844 842 837 832 827 822 815 809 804 801 798 797 797 798 807 818 830 839 848 862 872 876 878 880 876 867 853 841 829 822 809 793 779 737 697 659 626 593 541 490 451 402 363 340 324 274 248 235 229 222 217 216 215
1468 1452 1433 1411 1395 1369 1341 1318 1300 1289 1271 1261 1249 1238 1225 1205 1183 1161 1133 1095 1081 1067 1049 1023 1006 998 986 970 951 936 919 907 895 887 875 860 849 846 846 845 842 839 834 831 826 821 813 806 801 797 796 796 796 799 804 814 827 838 849 858 869 876 880 880 875 854 842 818 818 799 792 774 754 711 681 625 593 552 518 474 444 387 350 329 297 253 234 230 224 220 216 214 213
1450 1438 1414 1397 1381 1351 1325 1302 1290 1275 1261 1248 1234 1223 1200 1182 1160 1141 1118 1102 1078 1055 1035 1017 1006 994 980 962 942 929 919 904 893 881 869 856 848 844 842 841 841 840 837 834 829 823 816 809 802 798 796 796 796 801 806 815 828 840 850 858 867 875 881 882 870 850 823 818 799 785 774 749 706 681 657 602 580 546 505 457 409 382 350 321 292 251 237 230 224 220 215 213 213
1423 1408 1394 1380 1359 1339 1319 1295 1276 1261 1251 1236 1225 1203 1181 1156 1142 1121 1096 1086 1059 1040 1029 1013 1004 986 961 943 933 921 912 904 894 878 863 854 848 844 845 842 840 839 837 835 831 825 819 810 803 798 796 796 799 804 811 819 828 841 851 858 866 874 879 879 865 846 821 801 784 770 762 723 699 683 623 596 586 549 489 452 408 376 346 324 282 252 239 232 225 220 214 211 211
1399 1390 1379 1367 1350 1330 1305 1288 1270 1259 1243 1228 1213 1191 1157 1138 1118 1114 1084 1066 1047 1031 1022 1011 999 970 948 936 927 916 911 904 893 881 866 855 850 848 847 847 845 843 839 834 830 823 815 808 803 800 798 798 801 806 813 823 830 837 845 850 859 867 872 860 864 821 804 789 769 755 735 711 683 654 611 596 582 543 478 441 406 380 355 316 275 241 234 229 223 218 214 213 214
1384 1371 1362 1349 1334 1304 1295 1275 1257 1245 1230 1220 1204 1186 1156 1132 1114 1090 1070 1054 1038 1027 1014 996 980 957 944 931 924 916 911 904 889 874 863 856 852 852 849 849 848 847 841 835 828 818 813 807 802 799 797 797 799 808 819 829 834 835 836 838 845 854 860 862 833 817 791 774 750 730 715 699 687 649 617 584 550 517 474 427 392 385 355 314 268 242 230 226 221 217 214 213 214
1360 1348 1338 1330 1304 1289 1277 1257 1247 1232 1217 1211 1203 1179 1156 1132 1112 1082 1062 1046 1033 1019 1004 984 968 955 939 928 919 911 903 891 879 865 861 856 852 850 849 850 849 846 842 837 829 821 814 808 802 799 796 796 798 807 822 828 830 830 827 825 828 827 821 827 815 785 771 748 726 713 694 682 666 650 606 564 542 507 468 422 397 374 345 297 261 248 232 226 223 217 214 213 213
1339 1320 1304 1288 1274 1267 1254 1245 1231 1214 1206 1199 1185 1162 1138 1108 1083 1067 1047 1037 1025 1008 996 978 963 950 937 926 914 904 893 884 879 863 855 852 850 850 852 852 851 849 842 837 831 824 818 813 809 806 804 802 803 807 820 825 825 825 821 815 805 798 800 794 783 754 740 727 710 691 679 665 649 624 596 563 546 508 460 428 382 351 322 296 261 244 236 230 226 219 216 214 213
1315 1299 1280 1253 1237 1232 1221 1218 1197 1194 1184 1170 1156 1122 1100 1068 1067 1053 1036 1023 1011 993 980 963 957 947 940 924 907 896 892 883 878 867 859 854 852 851 851 852 849 847 841 834 828 822 818 817 816 814 812 811 812 814 817 823 821 817 807 795 791 774 768 754 742 730 718 707 694 680 659 650 636 616 597 569 539 503 435 406 354 329 311 293 256 242 235 230 226 222 217 213 210
1303 1279 1248 1229 1221 1202 1180 1154 1136 1129 1128 1109 1095 1091 1070 1059 1041 1032 1016 1008 994 980 969 964 955 943 933 920 903 894 889 885 879 870 863 858 856 855 854 851 847 842 838 832 827 822 819 819 819 819 819 817 817 817 818 821 820 811 800 786 769 753 741 728 712 709 701 691 677 659 648 638 624 611 587 563 533 458 413 384 349 325 300 289 263 239 229 225 223 218 214 212 209
1272 1251 1220 1200 1150 1131 1120 1124 1095 1098 1088 1085 1075 1066 1055 1044 1032 1022 1013 995 973 961 961 949 942 934 923 912 903 897 892 887 880 868 861 857 854 853 852 849 846 841 836 832 827 825 823 823 823 824 824 823 822 820 820 819 820 812 798 778 753 739 724 711 700 690 681 671 659 647 635 623 608 592 575 541 506 453 414 369 338 323 301 290 259 230 223 219 219 218 215 211 208
1243 1227 1180 1127 1107 1102 1106 1093 1082 1076 1071 1060 1052 1039 1026 1015 1007 1001 979 972 961 957 949 941 926 920 910 906 902 899 894 890 878 868 863 860 858 855 851 849 848 847 842 838 831 827 826 826 824 823 822 823 823 821 818 814 812 803 786 758 737 729 715 700 691 681 658 643 632 623 613 598 591 579 547 539 507 433 388 364 338 317 301 280 244 227 220 217 217 215 212 211 210
1198 1177 1132 1109 1102 1093 1085 1079 1069 1056 1045 1030 1027 1016 1004 994 986 980 968 957 955 947 941 931 918 913 909 908 907 902 896 889 879 868 863 861 861 861 858 856 854 851 849 848 842 837 833 829 827 824 822 821 820 817 812 808 803 793 777 758 740 727 713 696 678 662 641 625 622 611 593 577 560 549 536 527 486 433 380 367 336 315 283 266 231 221 221 215 213 213 211 209 209
1141 1125 1113 1098 1090 1085 1077 1067 1047 1028 1017 1012 1008 1000 987 983 974 964 953 947 948 941 934 926 921 918 915 912 909 905 899 893 882 870 865 866 867 868 866 866 862 858 853 851 849 846 840 834 829 824 821 822 822 818 810 802 794 785 773 756 743 731 716 701 685 669 640 625 613 600 578 558 544 541 531 517 472 424 384 358 334 315 277 248 229 222 218 212 212 214 213 210 210
