server/spec/dem-tests/trento(circa)/trento(circa).asc
ncols        475
nrows        316
xllcorner    11.045380000000
yllcorner    46.123352000000
dx           0.000277549474
dy           0.000278136076
NODATA_value -32768
[rows 246 to 286 of 316, columns 186 to 278 of 475]
214 215 216 216 217 216 216 218 219 216 212 209 208 210 212 214 215 214 214 214 215 218 218 218 222 223 223 223 223 223 225 227 228 231 229 226 234 232 237 234 232 229 232 232 230 229 229 230 230 231 235 241 246 249 251 252 255 257 259 263 268 275 282 287 296 308 320 329 336 339 343 344 344 345 344 342 339 338 337 337 335 330 314 295 282 276 266 257 252 259 270 295 340
214 215 216 216 217 216 216 218 218 215 212 211 210 211 215 217 217 217 217 217 217 219 220 221 222 223 222 222 221 221 222 225 228 229 230 231 232 236 235 233 234 232 231 229 229 229 231 231 232 234 238 244 247 249 250 251 254 258 263 268 272 277 281 284 292 303 315 322 330 336 340 341 340 340 339 338 335 331 327 323 322 319 292 283 282 273 266 261 256 263 276 301 333
216 216 216 215 215 215 216 216 215 214 212 212 213 214 215 217 219 218 218 217 217 219 221 223 223 223 222 220 220 221 222 226 230 227 228 233 237 240 238 234 232 233 231 229 228 229 231 233 235 237 240 244 246 248 248 250 254 259 265 271 274 275 279 279 285 294 304 316 322 333 337 339 339 338 336 334 328 319 310 302 296 291 277 274 263 259 254 257 260 281 301 304 338
214 214 214 214 214 214 215 217 218 216 214 214 215 217 218 219 221 221 220 218 218 222 224 226 225 223 220 219 221 223 224 227 230 231 232 236 239 239 239 235 232 231 233 233 232 231 233 235 237 236 237 239 242 243 244 248 254 259 266 271 272 269 272 273 281 290 301 313 323 332 338 339 337 335 331 326 321 310 295 278 266 260 255 256 258 261 265 273 283 291 307 329 350
215 217 219 217 215 211 214 214 214 214 213 213 215 218 219 220 221 221 221 220 220 223 225 226 225 225 222 220 220 221 222 224 226 228 230 232 235 235 234 234 232 231 232 235 238 238 237 238 237 237 237 238 241 243 245 246 249 255 261 265 265 263 264 269 278 287 298 309 320 329 335 338 337 334 328 321 314 305 284 267 259 251 252 257 265 272 279 284 293 303 320 343 366
213 215 218 218 216 215 216 216 216 216 216 217 220 223 222 221 219 219 220 220 219 219 222 223 223 224 225 225 223 221 219 218 219 221 224 226 229 229 228 230 231 231 232 235 238 239 239 239 238 237 237 238 240 240 241 243 247 254 255 256 259 261 262 264 270 280 290 302 314 324 331 335 337 334 329 323 314 300 273 262 253 251 256 265 274 282 289 295 302 312 333 355 369
213 214 215 217 216 214 213 213 214 217 219 221 222 222 220 218 216 217 218 219 219 219 219 219 220 221 224 225 225 221 217 215 216 218 221 224 224 225 226 229 231 233 234 236 237 237 238 237 235 237 236 234 236 238 238 241 244 248 252 257 258 256 255 256 264 275 284 293 301 311 323 331 335 337 332 321 311 295 269 260 249 251 254 270 284 294 300 307 316 323 333 349 377
214 214 214 214 213 211 212 213 214 217 220 222 223 222 219 215 214 215 216 216 218 219 220 221 223 225 227 228 226 222 221 219 217 218 221 223 224 224 224 226 229 232 233 235 236 235 233 233 234 234 236 236 237 238 239 240 242 248 250 250 250 248 252 255 264 278 286 293 297 303 312 321 329 336 328 324 310 288 274 257 253 256 258 275 286 295 303 311 322 329 343 364 390
212 214 213 211 209 209 210 211 212 214 216 218 220 218 216 215 216 217 216 217 220 222 224 225 227 230 229 228 224 222 222 223 224 226 227 226 226 226 224 226 229 232 233 234 233 232 230 228 230 232 235 236 235 235 233 235 240 242 243 243 244 247 251 258 266 279 286 294 298 303 310 317 322 325 323 318 304 291 273 255 248 255 255 265 280 291 300 313 326 337 352 377 397
212 214 210 211 209 209 210 212 214 215 214 214 213 212 212 213 216 219 220 221 223 226 228 229 231 232 230 226 223 223 225 225 227 228 228 225 224 224 225 225 226 228 229 230 231 232 230 229 229 232 234 235 234 233 232 234 238 240 241 240 240 244 250 259 266 273 281 288 294 301 307 312 314 315 314 309 300 288 272 257 246 244 249 258 275 290 305 318 330 342 363 383 396
215 216 217 216 216 216 216 217 217 215 212 210 209 209 209 212 219 220 223 224 226 227 231 231 231 230 226 222 222 223 224 226 228 227 225 223 221 220 222 226 228 229 231 231 230 230 230 231 231 232 233 233 235 234 233 234 235 236 238 239 239 241 246 257 269 272 275 278 287 295 303 305 306 307 303 297 287 276 264 249 241 236 243 252 269 290 307 321 330 343 362 380 389
216 216 218 218 219 220 220 219 218 217 214 212 210 211 211 213 216 218 221 223 225 227 229 230 230 228 226 222 221 222 223 221 221 223 222 219 220 221 224 226 230 232 234 233 231 231 231 231 231 232 232 233 235 235 235 234 233 233 233 235 238 241 246 254 265 269 273 274 282 290 295 297 296 292 289 281 264 254 247 244 241 233 236 248 264 287 307 320 336 352 368 377 384
218 217 216 215 215 215 215 216 218 216 215 214 214 213 216 220 221 222 225 226 226 227 227 227 225 225 224 222 222 221 221 222 222 222 221 222 220 219 222 226 229 231 230 232 233 234 234 235 234 235 235 235 236 236 237 239 239 237 235 234 236 238 243 251 259 263 270 274 278 281 283 283 276 272 263 257 250 246 244 241 241 238 239 247 266 287 310 328 342 356 361 368 374
217 215 214 214 215 214 213 214 214 213 213 214 216 215 219 222 224 225 226 227 225 226 221 220 218 218 222 223 223 222 221 221 223 223 222 224 222 221 223 225 227 226 227 231 234 236 238 236 235 234 235 236 238 239 241 244 245 243 241 239 239 240 243 247 253 260 266 269 269 269 266 263 262 257 256 252 249 248 247 244 244 243 244 262 269 292 314 329 346 355 360 363 367
217 216 215 216 216 217 216 214 214 214 215 215 215 215 218 221 221 223 223 227 226 224 224 221 221 221 221 223 223 223 224 225 227 227 225 225 222 227 229 226 225 223 226 229 231 233 234 234 235 235 235 236 237 239 242 245 245 243 242 243 244 244 245 247 252 257 260 263 264 261 257 255 252 251 251 250 250 249 249 249 254 257 266 269 279 303 321 335 346 352 357 360 364
218 217 216 216 217 218 218 216 214 216 219 220 219 220 221 221 220 220 218 217 216 219 220 223 224 225 225 224 223 222 223 226 229 230 230 228 224 223 230 229 225 222 223 226 229 232 234 236 237 239 240 240 241 242 244 245 242 240 240 241 241 243 245 247 251 258 263 264 261 259 256 253 251 249 249 249 246 246 252 257 264 269 275 281 293 308 322 335 343 348 354 358 362
220 220 217 216 218 220 221 220 218 219 222 223 224 225 226 224 221 218 217 215 214 214 218 224 228 229 228 226 225 225 226 229 231 232 231 231 229 227 227 225 223 223 222 223 225 231 235 238 239 238 239 240 242 242 241 239 239 238 238 240 243 244 243 245 250 256 258 257 255 252 252 250 250 249 248 245 241 241 249 256 264 275 285 292 299 313 325 336 346 351 357 362 365
220 224 225 224 225 227 227 225 222 220 221 223 227 227 225 223 220 217 217 216 213 213 216 223 227 226 225 224 224 225 228 228 230 231 232 232 231 229 229 230 229 226 225 224 223 229 236 240 243 243 240 239 240 240 239 239 239 240 240 240 241 242 244 243 245 249 251 249 246 245 246 246 244 242 240 240 240 241 250 258 268 277 291 299 307 320 331 345 357 363 367 370 372
223 228 228 230 231 231 230 227 224 222 223 225 225 224 224 223 223 221 221 223 222 223 226 228 229 226 225 225 226 226 226 225 227 228 230 232 231 228 228 230 231 230 228 227 226 225 232 240 244 243 240 238 237 238 238 238 238 240 241 241 240 242 242 243 246 248 248 247 245 244 243 242 239 238 238 239 242 245 251 261 275 287 296 305 315 324 335 349 361 371 376 377 378
223 228 230 231 228 230 228 226 227 225 224 224 222 220 219 219 221 223 223 220 222 224 227 228 228 228 226 227 227 227 226 226 228 230 230 231 230 229 230 230 230 229 229 229 228 227 229 236 242 243 241 238 238 236 235 235 237 240 242 244 244 243 242 243 245 247 247 243 241 242 241 239 237 238 241 245 245 249 256 268 287 298 308 315 323 332 342 354 370 381 386 384 383
232 236 237 229 227 230 229 232 228 229 226 223 221 219 218 217 219 221 220 218 219 219 223 224 223 225 223 225 225 227 228 229 231 232 234 234 233 230 229 229 229 229 229 229 229 228 226 232 238 241 239 239 238 237 235 234 237 241 243 242 241 241 241 242 243 244 244 240 239 238 238 241 241 245 249 253 256 260 267 278 296 305 308 316 323 338 350 363 373 384 388 389 389
242 240 237 232 226 228 230 230 228 228 225 222 218 216 217 218 218 219 220 217 214 216 215 215 217 222 221 223 225 228 229 231 233 232 231 231 230 231 230 229 229 231 231 231 230 229 228 230 236 239 238 237 237 238 237 238 240 243 244 243 241 240 240 241 241 241 242 240 241 242 242 245 252 255 259 264 267 271 279 288 297 303 313 325 332 339 351 368 374 383 391 392 392
253 244 238 230 223 223 226 230 229 226 224 221 219 219 219 220 225 224 221 219 218 212 213 211 208 207 211 215 217 222 222 224 227 228 230 231 230 229 230 233 234 235 236 235 233 231 230 232 236 237 238 236 236 237 239 239 240 242 242 241 239 237 238 238 238 240 244 243 245 247 249 253 262 268 272 277 283 286 288 293 297 302 309 322 331 338 347 358 368 379 385 390 389
252 248 239 225 224 221 222 224 231 226 224 223 222 221 220 221 222 224 222 220 217 216 214 213 213 209 211 217 218 220 218 218 219 222 223 224 225 226 230 235 238 238 238 237 236 235 235 235 236 237 237 238 239 239 240 240 241 241 241 240 239 237 237 238 240 241 243 244 246 248 252 262 271 281 287 292 295 295 294 297 301 305 313 325 330 333 340 355 365 376 385 386 388
250 235 233 222 232 233 229 231 226 223 223 222 221 221 220 221 222 224 223 220 219 218 218 219 219 219 220 221 218 215 212 212 214 218 222 223 223 223 227 230 232 234 237 236 235 236 236 237 239 240 240 239 238 238 238 239 241 243 244 244 242 240 239 240 240 240 242 246 248 255 260 268 283 292 298 302 303 302 302 305 309 311 321 328 335 339 345 356 366 377 386 383 391
230 234 235 228 227 225 227 227 224 224 225 224 221 220 220 222 225 228 226 222 218 216 219 221 222 223 223 220 215 212 211 209 213 215 219 219 220 221 226 232 236 235 234 235 237 238 238 238 236 236 235 235 234 233 234 237 241 244 244 244 242 239 238 239 240 240 241 245 251 256 263 272 282 291 299 302 303 304 303 307 313 320 324 331 339 344 350 358 367 374 382 385 389
227 229 231 224 227 230 226 223 221 220 220 220 218 219 220 224 227 227 225 223 220 215 214 218 221 221 218 215 214 212 213 214 217 218 218 220 222 222 226 232 234 234 233 234 234 235 233 232 230 230 231 231 232 234 236 238 240 242 243 242 239 237 237 239 240 242 245 252 257 263 268 271 276 283 287 292 295 301 304 313 321 326 330 335 341 347 353 360 362 368 375 383 389
229 222 223 223 228 223 220 219 218 217 218 216 217 219 221 223 225 226 226 222 219 217 218 218 219 218 216 215 213 217 218 218 219 221 221 224 225 225 227 231 231 229 229 230 230 231 230 229 227 227 229 232 234 236 238 239 241 242 243 242 240 237 235 237 239 242 246 254 259 264 270 273 274 279 284 288 295 300 304 312 318 326 332 338 346 353 358 360 361 365 370 380 387
218 219 221 222 221 218 218 217 218 219 219 217 216 217 218 220 222 223 222 220 217 217 220 221 220 218 217 216 217 219 221 222 222 223 223 225 227 227 229 229 229 227 227 227 229 230 230 229 229 231 233 236 238 237 237 237 239 241 241 239 236 238 239 241 243 246 254 261 268 275 277 279 283 283 286 295 301 305 309 313 319 326 332 340 348 356 360 362 364 367 376 384 389
215 216 217 219 219 218 216 214 215 217 217 215 214 215 218 221 222 223 221 220 219 217 219 220 220 219 218 217 217 218 220 222 224 225 228 229 231 231 230 229 228 227 227 228 229 231 233 232 232 233 235 237 239 238 235 233 232 231 232 233 231 232 233 243 248 255 263 270 276 280 281 282 285 289 294 299 304 309 314 318 322 328 333 341 353 360 362 363 364 369 378 386 391
218 218 219 220 222 222 222 217 216 216 216 216 215 215 219 222 225 224 221 220 219 220 223 224 227 225 220 219 220 223 226 227 229 230 232 233 233 232 230 230 230 231 232 232 233 234 234 234 233 233 234 236 236 235 235 234 232 231 232 233 231 234 237 243 256 266 273 279 283 286 287 287 290 295 298 304 307 311 315 320 326 328 336 342 352 356 358 360 364 372 380 387 390
217 218 221 225 228 229 227 225 223 222 220 220 219 219 222 222 223 223 222 221 221 225 227 229 228 226 224 226 225 229 232 233 234 236 236 234 233 231 232 235 236 236 236 235 234 233 233 232 231 230 230 230 231 231 231 230 233 234 235 236 232 232 237 245 258 269 277 283 287 289 290 293 298 303 307 310 311 314 315 318 323 330 335 342 349 350 352 355 359 363 368 378 389
214 216 223 229 231 231 229 227 225 223 222 220 220 222 222 223 223 223 221 220 221 224 227 229 229 226 224 228 229 231 232 234 236 237 236 233 231 231 232 232 232 234 236 235 232 230 231 232 230 229 228 230 229 229 230 233 234 236 236 234 232 232 235 244 258 268 275 281 284 287 291 297 303 310 313 314 316 316 317 322 326 329 332 338 342 344 344 345 349 354 359 365 376
210 212 219 227 231 230 230 226 223 221 222 222 223 223 223 223 224 223 222 220 222 223 224 225 225 226 225 225 226 229 231 232 233 233 231 230 230 230 229 229 229 231 232 230 229 228 230 231 230 230 230 229 227 228 229 231 234 234 235 234 234 232 239 254 260 270 274 278 282 286 294 302 310 313 313 315 317 319 324 329 331 334 338 341 344 348 350 350 351 354 355 360 365
216 216 216 219 222 222 223 222 221 220 222 223 224 224 224 224 224 224 224 224 224 222 222 223 223 224 225 226 227 227 228 228 229 229 229 229 231 232 231 231 231 231 229 228 227 227 229 230 231 231 229 227 226 226 227 230 231 233 234 232 231 234 242 251 267 273 275 276 277 283 293 301 313 316 318 319 321 324 331 338 342 345 348 352 350 351 354 355 355 355 357 360 363
223 222 221 222 223 221 221 221 222 222 223 223 223 222 222 223 223 224 226 226 225 223 222 222 222 222 224 225 226 227 228 228 229 229 230 231 230 228 228 227 226 226 226 228 229 228 228 229 230 232 228 225 224 224 227 229 229 231 232 231 231 235 248 259 269 276 279 281 282 287 295 304 312 315 318 322 324 330 337 346 351 354 351 350 351 354 357 360 360 363 367 370 371
222 223 223 223 219 218 218 218 219 221 221 222 223 224 225 225 225 226 227 226 225 225 225 224 223 223 224 226 229 231 231 231 228 225 223 224 224 223 223 223 224 225 224 226 227 229 231 233 234 233 230 228 226 225 226 228 230 232 232 231 230 236 249 264 274 279 282 284 286 291 293 299 304 310 313 316 321 328 336 343 351 353 354 354 355 358 363 369 371 374 377 379 380
221 220 220 220 217 216 216 215 216 217 219 223 226 227 228 228 227 228 228 226 227 227 226 226 226 226 227 228 229 229 228 227 224 221 219 219 219 219 219 220 221 222 224 225 225 228 231 233 234 233 231 229 227 226 227 231 234 234 232 232 234 245 261 270 277 282 286 287 290 291 291 294 296 302 308 315 322 330 337 347 349 352 354 356 361 366 371 376 380 385 390 392 392
218 217 217 217 216 216 217 218 219 219 220 222 224 225 225 226 227 226 225 224 226 226 226 226 227 226 227 226 224 222 222 223 224 223 222 222 219 219 218 217 219 221 223 224 227 230 229 230 231 230 229 227 227 228 228 229 230 228 228 231 238 247 260 268 274 280 284 286 288 291 293 292 295 300 307 314 323 334 342 348 351 354 357 360 363 367 373 381 387 391 395 398 399
216 216 217 217 217 217 218 218 217 217 219 221 222 223 223 223 223 223 222 223 226 227 227 228 229 225 223 223 220 220 221 222 224 224 222 221 220 219 218 215 216 218 222 225 229 230 229 227 225 223 223 223 223 224 224 226 228 227 228 232 238 246 258 267 275 281 284 287 289 291 294 296 299 303 307 312 324 336 344 350 355 358 360 363 368 368 372 380 385 392 399 402 404
214 214 215 214 213 214 215 214 214 216 218 219 219 220 220 220 219 220 222 225 228 228 226 223 225 221 217 220 218 218 219 219 221 222 222 223 223 224 224 223 219 219 221 225 228 230 231 227 224 223 222 221 221 222 223 224 226 225 227 233 240 247 262 270 280 286 289 289 289 288 291 297 302 305 309 317 326 332 339 348 356 359 361 364 369 373 375 380 388 394 400 406 411
