server/spec/dem-tests/test.asc
ncols        356
nrows        316
xllcorner    10.684204000000
yllcorner    42.934570000000
dx           0.000277744382
dy           0.000278136076
NODATA_value -32768
[rows 38 to 75 of 316, columns 0 to 85 of 356]
-32768 -32768 -32768 23 23 25 25 24 25 24 22 20 18 16 16 17 17 19 21 21 21 21 22 22 23 22 21 19 20 21 20 21 21 22 22 22 22 24 26 29 31 31 32 32 32 33 33 33 34 34 33 33 33 33 33 34 33 35 36 34 -32768 -32768 -32768 -32768 -32768 -32768 -32768 -32768 -32768 -32768 -32768 -32768 -32768 -32768 -32768 -32768 -32768 -32768 -32768 -32768 -32768 -32768 -32768 -32768 -32768 -32768
-32768 -32768 -32768 23 24 25 24 25 24 23 22 18 17 17 16 17 19 20 19 19 19 21 21 21 22 23 22 23 23 23 23 22 23 23 24 25 24 22 22 24 26 25 26 28 29 31 31 31 31 31 31 33 34 35 36 37 38 37 34 35 32 30 -32768 -32768 -32768 -32768 -32768 -32768 -32768 -32768 -32768 -32768 -32768 -32768 -32768 -32768 -32768 -32768 -32768 -32768 -32768 -32768 -32768 -32768 -32768 -32768
-32768 -32768 -32768 25 23 22 22 21 22 19 18 19 19 19 18 18 21 19 20 19 18 19 20 19 20 22 23 24 25 24 23 23 25 28 26 26 26 24 23 22 22 23 26 28 27 28 27 27 26 26 27 30 33 36 36 38 40 39 38 35 31 29 28 -32768 -32768 -32768 -32768 -32768 -32768 -32768 -32768 -32768 -32768 -32768 -32768 -32768 -32768 -32768 -32768 -32768 -32768 -32768 -32768 -32768 -32768 -32768
-32768 -32768 -32768 22 20 19 19 21 18 18 19 19 20 19 19 19 18 17 17 19 19 19 19 19 19 21 22 23 25 27 26 26 27 29 29 28 28 28 26 25 25 25 29 30 28 27 26 25 26 27 28 29 31 32 33 34 37 38 37 34 31 30 30 26 24 -32768 -32768 -32768 -32768 -32768 -32768 -32768 -32768 -32768 -32768 -32768 -32768 -32768 -32768 -32768 -32768 -32768 -32768 -32768 -32768 -32768
-32768 -32768 -32768 16 18 18 18 18 17 20 21 21 22 20 19 19 18 16 17 18 20 20 20 21 20 22 24 24 30 31 30 28 28 28 27 28 30 28 29 29 29 31 33 31 29 29 27 24 24 25 28 30 31 31 32 33 35 35 35 33 33 32 30 28 28 27 29 -32768 -32768 -32768 -32768 -32768 -32768 -32768 -32768 -32768 -32768 -32768 -32768 -32768 -32768 -32768 -32768 -32768 -32768 -32768
-32768 -32768 -32768 16 17 19 17 18 18 19 20 21 20 21 17 15 16 16 17 19 20 20 21 22 23 25 27 33 37 36 35 34 33 33 33 31 33 33 33 33 33 35 37 35 32 32 31 30 29 30 31 33 34 36 35 34 34 36 37 37 37 36 35 34 32 31 32 32 -32768 -32768 -32768 -32768 -32768 -32768 -32768 -32768 -32768 -32768 -32768 -32768 -32768 -32768 -32768 -32768 -32768 -32768
-32768 -32768 -32768 17 19 18 16 16 18 18 20 21 19 19 16 15 15 18 21 21 23 24 25 26 29 32 35 39 41 40 41 40 39 37 38 39 39 38 38 36 37 36 35 38 38 36 35 36 37 37 36 37 38 39 39 38 38 39 39 39 39 39 38 37 37 36 35 35 34 37 -32768 -32768 -32768 -32768 -32768 -32768 -32768 -32768 -32768 -32768 -32768 -32768 -32768 -32768 -32768 -32768
-32768 -32768 -32768 -32768 18 19 17 16 16 17 19 19 19 19 20 19 20 21 22 24 24 26 29 35 39 38 39 41 40 38 38 38 37 38 39 39 39 40 40 40 39 38 37 38 38 38 39 40 40 40 39 39 39 39 40 40 41 40 39 39 39 39 38 38 37 36 36 37 39 41 43 -32768 -32768 -32768 -32768 -32768 -32768 -32768 -32768 -32768 -32768 -32768 -32768 -32768 -32768 -32768
-32768 -32768 -32768 -32768 20 19 18 16 16 17 19 19 19 20 22 20 20 23 24 26 27 29 36 40 42 41 39 41 42 41 40 38 36 38 38 39 39 38 39 38 38 41 42 42 41 40 40 40 39 40 40 41 43 43 43 44 45 46 48 48 48 49 49 47 42 42 41 42 42 42 44 45 46 -32768 -32768 -32768 -32768 -32768 -32768 -32768 -32768 -32768 -32768 -32768 -32768 -32768
-32768 -32768 -32768 -32768 19 17 15 17 16 17 18 19 20 20 20 21 21 23 27 30 31 34 38 42 45 44 43 46 47 47 45 43 40 41 43 45 46 45 44 42 40 40 41 43 42 43 43 43 42 42 44 45 47 52 54 56 58 59 58 57 57 57 57 57 54 51 50 48 47 46 47 46 46 45 -32768 -32768 -32768 -32768 -32768 -32768 -32768 -32768 -32768 -32768 -32768 -32768
-32768 -32768 -32768 -32768 20 18 17 17 16 15 16 18 21 20 20 21 26 29 32 35 37 38 40 43 49 51 49 51 51 51 49 48 49 50 53 56 56 55 52 47 45 43 43 45 46 48 46 45 45 49 54 55 55 58 61 60 60 63 65 66 66 65 65 62 60 58 55 52 51 51 54 53 49 48 49 51 -32768 -32768 -32768 -32768 -32768 -32768 -32768 -32768 -32768 -32768
-32768 -32768 -32768 -32768 16 20 18 17 17 18 19 21 22 23 24 29 32 34 36 39 41 41 41 45 49 51 52 54 56 57 56 56 57 60 61 65 66 68 64 57 53 47 46 47 48 48 47 48 50 54 56 58 62 64 67 68 69 70 70 68 71 72 72 69 69 68 60 58 57 57 58 58 56 57 60 65 66 64 -32768 -32768 -32768 -32768 -32768 -32768 -32768 -32768
-32768 -32768 -32768 -32768 18 17 20 20 20 20 23 24 25 28 32 36 38 39 39 39 41 43 47 50 51 55 58 60 60 61 60 58 60 63 65 70 72 74 73 68 60 57 53 56 54 51 48 51 52 54 58 60 63 67 69 72 74 74 74 74 74 77 77 78 76 75 70 68 65 62 59 63 64 64 67 70 74 75 74 -32768 -32768 -32768 -32768 -32768 -32768 -32768
-32768 -32768 -32768 -32768 19 19 19 19 21 23 26 27 30 34 38 41 41 42 42 41 43 44 46 51 56 59 62 65 66 68 68 69 70 72 76 79 78 77 76 74 68 61 58 55 57 53 50 52 54 57 58 60 63 66 69 72 74 75 78 80 82 83 85 86 84 83 78 74 72 71 69 70 70 71 72 75 80 82 82 80 76 -32768 -32768 -32768 -32768 -32768
-32768 -32768 -32768 -32768 17 19 21 21 23 26 29 32 35 40 41 43 43 44 46 47 47 45 46 50 55 60 63 68 71 74 77 78 77 79 82 84 83 83 82 79 73 64 59 59 57 54 52 50 50 52 53 56 60 65 67 69 72 75 79 83 85 87 89 92 92 87 87 87 85 80 74 73 75 76 78 81 84 87 87 88 82 77 -32768 -32768 -32768 -32768
-32768 -32768 -32768 -32768 19 20 20 22 25 28 34 37 39 41 43 43 44 46 48 48 48 49 50 53 56 60 63 68 71 74 78 80 81 83 84 85 85 85 83 79 74 70 64 59 57 51 50 52 54 53 52 54 57 62 65 68 70 76 80 84 88 91 93 98 96 93 96 95 89 82 77 75 75 76 78 85 87 89 91 93 91 87 84 80 -32768 -32768
-32768 -32768 -32768 -32768 22 25 26 28 30 32 36 38 40 43 44 43 43 45 48 49 49 50 51 54 56 60 64 69 74 76 78 81 84 85 84 84 83 82 82 77 74 71 65 61 59 55 53 54 53 54 57 60 65 66 66 64 66 74 80 84 87 91 96 100 101 100 102 97 91 84 81 79 77 79 84 88 93 95 98 97 96 94 89 81 75 -32768
-32768 -32768 -32768 -32768 22 26 28 29 32 35 38 39 41 43 44 43 43 44 48 50 51 53 56 56 58 61 65 69 72 76 79 80 81 82 80 80 78 78 77 76 73 70 71 67 62 56 53 54 54 55 60 66 69 71 71 70 73 78 84 87 89 93 98 102 105 106 107 106 95 93 86 82 81 84 87 92 97 98 101 98 95 93 89 83 77 71
-32768 -32768 -32768 -32768 22 25 28 30 34 36 37 38 39 42 44 44 44 44 48 50 51 52 55 58 61 64 67 71 73 74 75 74 74 74 74 75 75 76 76 76 75 73 70 67 65 63 58 56 56 60 64 70 74 76 78 78 80 83 87 88 90 94 99 102 106 106 111 108 107 102 95 88 86 86 89 93 95 98 97 95 94 92 90 84 79 74
-32768 -32768 -32768 -32768 20 22 26 30 29 30 30 31 32 34 39 42 43 44 45 47 50 52 54 56 57 60 63 67 69 68 68 68 70 70 70 70 71 71 73 74 73 74 73 72 69 65 65 63 62 61 64 67 72 77 80 82 84 87 88 90 91 94 99 106 108 112 117 116 115 114 105 97 92 91 92 94 96 98 97 96 94 89 86 81 78 77
-32768 -32768 -32768 -32768 -32768 21 24 25 26 26 26 27 29 30 34 37 38 39 41 43 46 50 52 53 55 55 57 59 59 59 59 59 61 61 62 62 64 65 68 71 74 75 75 72 71 68 67 66 66 67 68 71 73 77 81 84 86 88 90 91 93 96 100 107 113 119 120 123 118 115 112 106 100 98 98 97 100 100 101 102 98 93 87 83 77 76
-32768 -32768 -32768 -32768 -32768 22 23 23 24 24 25 25 27 30 33 35 36 37 39 42 42 44 46 48 49 50 51 53 53 52 52 52 52 54 55 57 58 60 62 67 71 73 76 73 71 69 68 66 67 68 72 72 73 75 78 82 85 90 91 94 96 98 102 107 112 118 121 124 122 122 118 111 105 103 103 103 105 106 107 105 103 96 90 86 80 76
-32768 -32768 -32768 -32768 -32768 26 23 22 21 21 22 23 26 29 31 33 35 37 40 42 41 40 41 42 45 45 45 47 49 49 47 45 43 44 47 50 55 59 61 64 68 73 74 82 78 74 70 67 68 68 73 72 73 73 76 81 86 90 92 94 97 100 105 109 114 117 120 123 125 124 123 119 115 109 109 109 110 110 111 111 107 102 95 88 80 79
-32768 -32768 -32768 -32768 -32768 26 25 22 21 21 22 24 25 27 29 30 30 31 34 34 35 35 35 37 38 40 40 43 45 44 42 38 39 40 40 42 47 53 59 62 63 67 75 78 80 80 77 72 68 68 70 73 76 78 80 81 85 87 90 93 97 101 106 110 114 118 120 123 126 126 126 124 121 117 117 119 118 119 119 117 111 103 98 92 87 85
-32768 -32768 -32768 -32768 -32768 27 26 24 24 23 24 25 27 27 28 28 28 30 31 32 34 35 35 36 37 36 36 36 38 42 44 42 40 40 39 39 41 45 51 56 59 62 69 76 81 83 83 77 70 68 68 70 74 80 81 81 84 86 89 93 96 99 101 106 110 113 117 120 124 126 126 124 122 122 121 123 121 121 120 114 108 104 99 93 89 87
-32768 -32768 -32768 -32768 -32768 26 26 25 25 25 26 27 27 29 29 29 30 30 30 32 33 35 37 38 39 37 37 36 41 47 49 48 45 44 44 43 43 44 46 49 51 56 62 68 73 79 81 79 74 70 70 70 72 75 78 80 78 79 82 85 88 95 97 99 105 110 115 118 122 122 123 124 121 122 122 123 122 121 117 111 105 102 99 94 88 83
-32768 -32768 -32768 -32768 -32768 25 24 24 24 25 27 28 29 31 32 33 34 34 33 33 33 36 39 43 45 46 45 47 48 51 52 52 49 47 46 47 46 46 47 47 48 50 56 61 65 70 73 74 75 73 70 68 68 70 74 75 76 79 80 83 84 89 93 92 96 102 110 114 116 119 119 121 122 124 123 123 120 118 113 107 103 101 97 93 85 80
-32768 -32768 -32768 -32768 -32768 23 25 27 25 26 27 28 29 32 32 35 35 36 36 37 39 41 44 46 48 50 51 52 55 54 54 56 56 53 51 49 46 46 46 47 48 49 52 56 59 64 69 71 72 72 70 70 69 69 70 71 70 75 77 79 84 89 92 89 95 101 107 109 110 110 111 114 120 122 124 122 117 112 107 105 102 96 91 86 83 80
-32768 -32768 -32768 -32768 -32768 24 26 26 26 27 28 29 30 32 34 35 37 38 39 41 43 45 48 50 51 53 55 58 59 60 59 59 60 61 60 57 54 52 50 48 48 49 51 53 56 57 60 64 65 66 67 67 66 67 67 68 66 68 73 78 81 84 87 85 90 98 104 107 105 106 108 109 113 118 121 120 116 112 110 106 103 97 92 88 86 84
-32768 -32768 -32768 -32768 -32768 26 26 27 27 28 28 29 30 31 32 33 33 34 35 38 40 43 47 51 52 54 56 58 60 62 62 60 61 62 62 61 58 58 56 54 52 51 50 52 54 55 55 56 58 60 62 62 63 65 65 65 66 67 68 73 77 80 82 85 90 97 101 102 101 101 103 108 111 116 119 118 116 112 111 108 106 101 96 93 91 88
-32768 -32768 -32768 -32768 -32768 27 27 27 27 29 30 33 33 34 33 31 31 32 34 36 39 42 44 48 53 54 56 58 59 61 61 63 62 64 65 65 65 64 64 64 62 58 57 54 56 54 51 52 55 57 57 58 59 60 61 61 62 62 63 66 69 72 76 81 87 91 95 97 98 100 103 105 108 110 113 117 117 116 115 113 110 106 102 100 98 96
-32768 -32768 -32768 -32768 -32768 31 30 29 27 28 32 32 33 33 33 33 32 33 35 37 37 38 42 46 49 52 55 58 61 63 63 63 63 64 66 67 67 67 68 69 69 67 64 59 51 54 56 56 57 55 56 55 55 55 56 58 58 59 62 66 68 69 72 77 82 87 92 95 95 96 97 100 102 106 109 111 115 118 120 119 116 113 111 108 105 101
-32768 -32768 -32768 -32768 -32768 35 34 32 31 32 35 34 33 32 32 34 34 36 37 37 38 40 44 46 50 53 53 55 57 60 62 65 67 67 67 68 70 73 74 74 74 72 72 67 64 64 63 64 60 59 58 54 56 54 53 54 54 57 60 67 71 73 75 79 84 89 93 96 97 98 101 102 103 106 110 115 121 127 129 127 123 120 118 114 108 104
-32768 -32768 -32768 -32768 -32768 -32768 38 37 37 36 35 36 35 33 33 34 36 36 37 39 39 43 47 48 49 52 55 56 57 58 60 61 63 66 68 74 75 77 77 78 79 79 80 84 82 79 76 77 72 72 68 67 65 62 60 60 61 61 63 67 71 76 77 81 86 90 94 98 101 104 106 108 110 112 116 121 126 129 132 133 131 128 123 118 115 110
-32768 -32768 -32768 -32768 -32768 -32768 41 40 39 40 41 40 38 36 37 38 41 41 41 42 43 47 49 50 51 52 53 56 58 60 62 63 63 64 68 74 79 79 80 82 85 84 88 92 96 92 90 88 87 84 82 81 79 76 74 74 72 67 67 68 72 79 82 85 87 90 95 99 102 106 109 111 114 118 120 123 127 130 133 135 137 135 129 123 122 117
-32768 -32768 -32768 -32768 -32768 -32768 48 47 44 43 43 43 41 40 40 40 41 42 44 46 48 51 52 52 53 52 52 53 56 60 62 63 63 65 70 75 78 80 82 85 88 90 93 96 97 99 101 99 98 99 96 91 86 83 81 80 74 72 72 71 73 77 80 82 86 90 95 99 103 109 112 115 119 122 124 128 130 135 137 138 138 139 137 137 133 127
-32768 -32768 -32768 -32768 -32768 -32768 55 54 50 47 45 44 43 42 41 41 42 43 44 47 50 55 55 53 53 54 55 55 56 57 58 60 62 64 70 73 75 77 78 83 87 92 94 97 99 102 104 104 104 104 103 97 92 87 83 80 77 74 69 68 73 75 77 81 85 90 94 99 104 110 114 119 123 127 131 133 135 137 138 141 143 144 144 143 140 133
-32768 -32768 -32768 -32768 -32768 -32768 59 58 55 52 49 48 46 44 43 42 43 46 47 49 52 56 55 52 54 56 58 59 58 58 60 62 65 68 72 76 77 76 76 81 85 89 94 95 99 102 104 104 105 104 104 103 99 94 90 88 84 78 75 70 71 74 76 80 83 88 95 100 105 109 114 117 121 124 129 132 133 133 136 139 141 142 144 144 141 139
