server/spec/dem-tests/test.asc
ncols        356
nrows        316
xllcorner    10.684204000000
yllcorner    42.934570000000
dx           0.000277744382
dy           0.000278136076
NODATA_value -32768
[rows 76 to 113 of 316, columns 86 to 171 of 356]
140 139 136 133 129 128 130 133 137 140 143 148 150 150 150 151 149 148 150 155 160 165 168 173 174 175 175 174 170 165 159 155 151 151 -32768 -32768 -32768 -32768 -32768 -32768 -32768 -32768 -32768 -32768 -32768 -32768 -32768 -32768 -32768 -32768 -32768 -32768 -32768 -32768 -32768 -32768 -32768 -32768 -32768 -32768 -32768 -32768 -32768 -32768 -32768 -32768 -32768 -32768 -32768 -32768 -32768 -32768 -32768 -32768 -32768 -32768 -32768 -32768 -32768 -32768 -32768 -32768 -32768 -32768 -32768 -32768
146 140 138 137 135 134 136 138 142 146 149 153 155 155 154 154 154 152 154 159 165 169 173 176 177 178 178 178 175 171 165 162 160 157 155 -32768 -32768 -32768 -32768 -32768 -32768 -32768 -32768 -32768 -32768 -32768 -32768 -32768 -32768 -32768 -32768 -32768 -32768 -32768 -32768 -32768 -32768 -32768 -32768 -32768 -32768 -32768 -32768 -32768 -32768 -32768 -32768 -32768 -32768 -32768 -32768 -32768 -32768 -32768 -32768 -32768 -32768 -32768 -32768 -32768 -32768 -32768 -32768 -32768 -32768 -32768
146 140 140 140 142 142 145 145 147 151 155 157 158 160 161 161 160 160 161 166 169 172 174 175 176 178 178 177 177 175 172 169 167 164 164 161 158 -32768 -32768 -32768 -32768 -32768 -32768 -32768 -32768 -32768 -32768 -32768 -32768 -32768 -32768 -32768 -32768 -32768 -32768 -32768 -32768 -32768 -32768 -32768 -32768 -32768 -32768 -32768 -32768 -32768 -32768 -32768 -32768 -32768 -32768 -32768 -32768 -32768 -32768 -32768 -32768 -32768 -32768 -32768 -32768 -32768 -32768 -32768 -32768 -32768
146 144 144 146 147 149 149 149 151 155 157 159 159 162 165 167 167 166 167 171 173 175 177 178 179 180 182 184 184 183 180 176 174 170 165 162 159 151 146 -32768 -32768 -32768 -32768 -32768 -32768 -32768 -32768 -32768 -32768 -32768 -32768 -32768 -32768 -32768 -32768 -32768 -32768 -32768 -32768 -32768 -32768 -32768 -32768 -32768 -32768 -32768 -32768 -32768 -32768 -32768 -32768 -32768 -32768 -32768 -32768 -32768 -32768 -32768 -32768 -32768 -32768 -32768 -32768 -32768 -32768 -32768
146 148 149 151 155 158 156 155 156 158 160 161 165 168 170 173 174 175 177 179 179 181 182 183 183 184 185 186 187 185 182 179 175 172 166 161 155 149 143 136 -32768 -32768 -32768 -32768 -32768 -32768 -32768 -32768 -32768 -32768 -32768 -32768 -32768 -32768 -32768 -32768 -32768 -32768 -32768 -32768 -32768 -32768 -32768 -32768 -32768 -32768 -32768 -32768 -32768 -32768 -32768 -32768 -32768 -32768 -32768 -32768 -32768 -32768 -32768 -32768 -32768 -32768 -32768 -32768 -32768 -32768
148 152 154 158 162 164 163 162 162 162 165 166 171 175 176 180 179 178 180 182 183 185 187 188 189 190 191 191 189 185 182 181 172 167 160 155 150 145 141 137 132 128 -32768 -32768 -32768 -32768 -32768 -32768 -32768 -32768 -32768 -32768 -32768 -32768 -32768 -32768 -32768 -32768 -32768 -32768 -32768 -32768 -32768 -32768 -32768 -32768 -32768 -32768 -32768 -32768 -32768 -32768 -32768 -32768 -32768 -32768 -32768 -32768 -32768 -32768 -32768 -32768 -32768 -32768 -32768 -32768
153 157 160 164 165 165 165 163 162 163 168 171 176 181 185 189 187 185 183 184 186 186 187 189 191 192 192 192 188 184 180 175 169 161 154 150 147 147 143 139 136 130 127 -32768 -32768 -32768 -32768 -32768 -32768 -32768 -32768 -32768 -32768 -32768 -32768 -32768 -32768 -32768 -32768 -32768 -32768 -32768 -32768 -32768 -32768 -32768 -32768 -32768 -32768 -32768 -32768 -32768 -32768 -32768 -32768 -32768 -32768 -32768 -32768 -32768 -32768 -32768 -32768 -32768 -32768 -32768
158 161 164 167 168 167 166 164 163 164 169 173 181 187 191 194 191 187 183 185 187 189 190 191 192 193 194 193 189 183 177 175 171 163 159 157 155 151 146 142 141 138 134 133 138 -32768 -32768 -32768 -32768 -32768 -32768 -32768 -32768 -32768 -32768 -32768 -32768 -32768 -32768 -32768 -32768 -32768 -32768 -32768 -32768 -32768 -32768 -32768 -32768 -32768 -32768 -32768 -32768 -32768 -32768 -32768 -32768 -32768 -32768 -32768 -32768 -32768 -32768 -32768 -32768 -32768
159 163 166 170 170 168 167 168 169 170 171 176 182 188 190 190 185 183 184 186 188 191 193 195 198 199 195 193 188 181 178 177 177 174 171 169 164 156 151 151 148 146 145 144 145 149 -32768 -32768 -32768 -32768 -32768 -32768 -32768 -32768 -32768 -32768 -32768 -32768 -32768 -32768 -32768 -32768 -32768 -32768 -32768 -32768 -32768 -32768 -32768 -32768 -32768 -32768 -32768 -32768 -32768 -32768 -32768 -32768 -32768 -32768 -32768 -32768 -32768 -32768 -32768 -32768
165 170 173 173 172 169 170 169 171 170 173 175 179 181 184 185 183 185 188 192 195 197 200 201 205 208 205 200 192 184 180 178 180 181 179 176 171 167 162 159 156 152 152 153 152 155 157 160 -32768 -32768 -32768 -32768 -32768 -32768 -32768 -32768 -32768 -32768 -32768 -32768 -32768 -32768 -32768 -32768 -32768 -32768 -32768 -32768 -32768 -32768 -32768 -32768 -32768 -32768 -32768 -32768 -32768 -32768 -32768 -32768 -32768 -32768 -32768 -32768 -32768 -32768
164 166 168 166 164 161 160 162 164 168 170 173 175 177 180 181 185 186 189 194 200 204 206 207 208 208 202 199 192 186 183 180 180 181 184 182 181 178 177 168 163 159 159 161 161 163 166 169 174 177 -32768 -32768 -32768 -32768 -32768 -32768 -32768 -32768 -32768 -32768 -32768 -32768 -32768 -32768 -32768 -32768 -32768 -32768 -32768 -32768 -32768 -32768 -32768 -32768 -32768 -32768 -32768 -32768 -32768 -32768 -32768 -32768 -32768 -32768 -32768 -32768
158 161 160 159 154 153 156 156 160 163 168 170 172 173 176 178 180 183 187 195 202 208 210 208 208 206 199 195 188 184 182 179 182 185 187 187 188 185 181 177 171 170 169 171 172 175 178 182 185 186 185 -32768 -32768 -32768 -32768 -32768 -32768 -32768 -32768 -32768 -32768 -32768 -32768 -32768 -32768 -32768 -32768 -32768 -32768 -32768 -32768 -32768 -32768 -32768 -32768 -32768 -32768 -32768 -32768 -32768 -32768 -32768 -32768 -32768 -32768 -32768
153 154 151 147 144 145 146 150 157 160 165 167 171 173 174 177 181 184 185 194 201 205 208 208 205 201 195 189 181 177 175 176 180 182 187 188 191 186 189 185 181 178 179 179 180 181 182 187 189 189 189 190 189 -32768 -32768 -32768 -32768 -32768 -32768 -32768 -32768 -32768 -32768 -32768 -32768 -32768 -32768 -32768 -32768 -32768 -32768 -32768 -32768 -32768 -32768 -32768 -32768 -32768 -32768 -32768 -32768 -32768 -32768 -32768 -32768 -32768
149 146 141 137 134 135 139 144 151 156 159 164 166 170 173 176 179 186 188 190 195 199 203 202 200 195 190 184 178 174 174 176 179 183 188 187 188 183 190 190 186 182 180 179 180 181 185 188 190 190 190 188 189 190 -32768 -32768 -32768 -32768 -32768 -32768 -32768 -32768 -32768 -32768 -32768 -32768 -32768 -32768 -32768 -32768 -32768 -32768 -32768 -32768 -32768 -32768 -32768 -32768 -32768 -32768 -32768 -32768 -32768 -32768 -32768 -32768
142 137 133 132 132 134 139 145 149 153 157 160 163 167 175 179 180 183 184 187 192 196 196 196 192 191 185 178 174 173 172 174 177 182 183 183 183 184 187 189 189 185 180 179 181 183 185 187 189 190 192 190 190 191 191 192 -32768 -32768 -32768 -32768 -32768 -32768 -32768 -32768 -32768 -32768 -32768 -32768 -32768 -32768 -32768 -32768 -32768 -32768 -32768 -32768 -32768 -32768 -32768 -32768 -32768 -32768 -32768 -32768 -32768 -32768
130 130 129 126 126 132 138 142 146 150 155 160 163 167 172 176 179 178 182 185 187 190 191 191 190 185 180 175 172 168 169 171 172 173 177 180 181 184 186 185 183 180 177 175 176 177 181 184 184 184 182 184 185 187 187 186 183 -32768 -32768 -32768 -32768 -32768 -32768 -32768 -32768 -32768 -32768 -32768 -32768 -32768 -32768 -32768 -32768 -32768 -32768 -32768 -32768 -32768 -32768 -32768 -32768 -32768 -32768 -32768 -32768 -32768
122 122 121 121 122 126 133 138 144 149 152 153 158 164 170 175 177 179 183 184 187 190 192 190 185 180 173 172 169 167 165 164 164 162 166 171 174 178 179 178 177 174 168 165 164 167 172 174 173 176 174 172 177 180 180 179 175 170 168 -32768 -32768 -32768 -32768 -32768 -32768 -32768 -32768 -32768 -32768 -32768 -32768 -32768 -32768 -32768 -32768 -32768 -32768 -32768 -32768 -32768 -32768 -32768 -32768 -32768 -32768 -32768
107 107 111 114 117 122 127 133 134 138 146 150 154 160 165 169 172 178 179 181 185 189 191 190 183 173 167 164 163 161 159 159 157 157 158 161 167 169 172 173 172 170 165 160 158 159 164 167 166 167 168 166 172 175 173 171 168 165 162 163 162 -32768 -32768 -32768 -32768 -32768 -32768 -32768 -32768 -32768 -32768 -32768 -32768 -32768 -32768 -32768 -32768 -32768 -32768 -32768 -32768 -32768 -32768 -32768 -32768 -32768
102 102 107 112 117 119 123 127 131 136 144 148 153 157 161 164 170 174 176 177 181 187 188 187 183 175 165 159 158 158 156 155 153 151 149 150 156 163 170 171 168 165 159 155 154 155 156 160 160 161 164 164 167 168 168 166 163 162 159 158 157 155 -32768 -32768 -32768 -32768 -32768 -32768 -32768 -32768 -32768 -32768 -32768 -32768 -32768 -32768 -32768 -32768 -32768 -32768 -32768 -32768 -32768 -32768 -32768 -32768
98 101 104 109 116 119 122 125 129 134 138 143 148 152 154 159 163 168 173 177 180 184 184 181 178 170 165 157 156 155 152 149 147 146 147 150 154 161 167 168 165 158 151 147 148 148 148 150 154 158 160 160 160 159 159 157 155 154 152 149 147 145 144 143 -32768 -32768 -32768 -32768 -32768 -32768 -32768 -32768 -32768 -32768 -32768 -32768 -32768 -32768 -32768 -32768 -32768 -32768 -32768 -32768 -32768 -32768
94 100 105 110 116 119 120 125 128 132 138 143 149 153 155 159 162 166 170 174 177 180 180 177 174 169 165 158 154 151 148 145 142 140 140 142 147 155 165 160 158 150 146 145 144 144 145 148 148 151 154 155 155 155 152 149 148 148 146 143 141 140 136 131 130 -32768 -32768 -32768 -32768 -32768 -32768 -32768 -32768 -32768 -32768 -32768 -32768 -32768 -32768 -32768 -32768 -32768 -32768 -32768 -32768 -32768
96 102 110 114 118 119 125 130 137 140 145 150 157 158 157 159 162 163 166 169 174 177 179 177 174 167 162 154 149 145 145 142 139 135 135 136 138 143 150 151 149 147 146 144 141 140 141 144 144 147 150 151 151 148 145 146 145 144 143 141 141 138 134 130 126 125 124 -32768 -32768 -32768 -32768 -32768 -32768 -32768 -32768 -32768 -32768 -32768 -32768 -32768 -32768 -32768 -32768 -32768 -32768 -32768
101 107 112 118 121 125 130 138 141 148 153 155 158 159 160 166 169 171 172 175 179 181 185 184 179 172 165 156 152 148 143 142 135 131 129 131 134 137 140 143 143 143 142 140 137 138 140 143 142 142 142 142 141 141 143 145 146 144 143 140 137 134 130 127 126 123 119 119 -32768 -32768 -32768 -32768 -32768 -32768 -32768 -32768 -32768 -32768 -32768 -32768 -32768 -32768 -32768 -32768 -32768 -32768
108 112 117 123 127 131 135 143 147 151 158 160 159 162 167 171 174 176 177 179 181 182 182 181 175 168 166 161 158 151 147 139 135 129 130 130 134 135 136 137 137 136 137 138 138 137 138 138 137 135 136 135 135 138 140 142 143 144 141 137 133 129 125 123 119 116 110 111 112 112 -32768 -32768 -32768 -32768 -32768 -32768 -32768 -32768 -32768 -32768 -32768 -32768 -32768 -32768 -32768 -32768
111 116 122 128 136 141 144 149 153 159 162 163 166 170 174 178 180 182 178 178 179 178 176 177 177 171 169 164 158 153 148 140 132 128 127 128 134 134 133 133 132 132 130 128 128 129 130 131 130 129 130 131 131 134 136 138 140 138 134 130 128 121 119 117 114 111 108 106 105 104 103 100 -32768 -32768 -32768 -32768 -32768 -32768 -32768 -32768 -32768 -32768 -32768 -32768 -32768 -32768
112 119 125 130 138 142 144 147 149 151 156 162 164 172 178 182 183 183 180 178 175 176 176 177 175 175 170 163 155 152 147 141 133 128 126 127 128 129 128 127 127 127 125 120 117 118 120 121 124 123 123 124 127 129 130 133 133 130 128 127 124 121 120 117 115 111 107 104 102 100 96 95 93 -32768 -32768 -32768 -32768 -32768 -32768 -32768 -32768 -32768 -32768 -32768 -32768 -32768
110 115 120 127 136 139 143 142 142 144 147 156 162 165 174 180 181 181 180 178 179 180 178 176 174 173 171 164 161 154 148 139 131 130 129 129 132 132 128 127 125 123 120 116 113 112 112 113 113 115 116 117 120 124 126 128 130 129 126 122 117 116 117 113 110 108 106 101 97 96 95 93 92 90 93 -32768 -32768 -32768 -32768 -32768 -32768 -32768 -32768 -32768 -32768 -32768
110 115 120 126 131 134 135 137 139 140 142 149 154 157 162 165 166 170 171 171 171 171 171 170 170 170 165 162 152 146 139 128 128 128 130 135 138 139 137 133 129 123 117 111 109 107 106 106 108 109 112 109 113 116 120 123 124 126 127 124 120 116 114 112 107 105 103 99 94 93 91 88 88 86 87 90 -32768 -32768 -32768 -32768 -32768 -32768 -32768 -32768 -32768 -32768
108 111 119 124 127 127 127 131 133 135 137 143 147 148 150 154 153 153 157 156 157 158 158 160 160 157 152 146 138 132 125 118 119 124 125 131 140 143 141 135 130 125 117 110 105 103 102 102 104 106 109 112 112 114 120 123 124 126 128 126 121 117 112 108 104 103 100 96 91 87 86 85 81 82 81 84 85 82 -32768 -32768 -32768 -32768 -32768 -32768 -32768 -32768
109 111 115 117 122 124 125 125 125 124 128 134 138 139 139 142 144 145 144 143 142 143 143 146 146 142 138 134 127 122 119 116 116 114 117 126 134 139 140 137 133 124 117 112 107 103 99 99 102 107 110 113 114 115 118 120 124 126 126 123 121 117 111 104 101 97 92 91 87 86 86 81 78 77 75 76 77 76 75 -32768 -32768 -32768 -32768 -32768 -32768 -32768
109 110 112 115 113 119 121 124 124 121 123 126 125 127 127 129 130 128 130 130 131 132 133 137 138 134 131 129 124 121 115 111 109 108 110 118 127 134 139 139 136 128 122 118 113 108 102 95 99 101 106 111 116 117 117 121 122 119 119 116 112 112 106 102 99 93 90 88 86 84 84 81 79 75 74 75 76 75 75 74 75 -32768 -32768 -32768 -32768 -32768
100 100 102 106 108 110 113 116 118 116 118 119 121 120 119 119 119 118 119 120 120 122 126 129 130 124 121 117 116 112 109 107 104 106 110 116 128 135 140 142 139 134 126 119 114 111 104 102 100 99 101 105 109 113 114 113 111 111 107 107 105 102 100 97 95 93 90 85 83 81 80 77 76 74 74 76 78 80 80 81 80 83 -32768 -32768 -32768 -32768
93 94 96 99 103 105 107 109 115 115 114 113 111 111 109 109 107 106 107 108 109 113 119 120 120 116 112 110 104 104 103 102 106 109 116 124 133 136 139 142 142 138 131 127 117 111 105 105 103 98 95 95 99 103 109 109 106 104 103 99 100 97 94 93 92 90 88 84 79 76 76 79 79 78 80 82 83 86 86 87 90 88 91 93 -32768 -32768
85 87 87 89 93 97 101 103 107 109 108 108 108 106 102 100 97 95 94 95 99 104 108 110 110 108 104 100 98 96 98 99 100 110 121 128 135 140 141 141 137 136 133 130 120 113 108 103 91 85 86 89 90 94 96 99 103 99 98 98 95 93 91 90 88 85 83 81 78 77 79 80 81 82 85 88 92 97 98 101 101 101 99 98 97 97
80 81 81 84 89 94 98 100 100 101 102 106 106 102 96 92 93 93 93 92 93 94 100 106 104 101 98 95 92 91 94 94 95 103 116 123 132 136 135 134 133 132 131 129 122 113 107 98 86 81 79 83 86 87 88 87 88 85 88 89 89 89 88 87 82 81 79 77 76 80 81 82 84 86 89 94 101 106 108 110 110 109 107 104 102 102
78 79 81 84 87 91 94 95 94 93 95 94 95 93 90 89 88 88 87 88 89 91 94 98 99 97 97 96 93 91 91 89 92 101 108 115 123 129 133 131 130 128 127 126 121 115 104 93 83 76 74 79 81 80 79 78 79 80 81 82 83 85 85 83 81 80 75 76 79 80 82 84 86 90 94 100 107 112 114 118 119 115 111 106 104 104
75 77 80 83 87 89 91 91 91 90 87 86 83 83 82 81 80 80 79 81 83 85 88 92 92 93 93 92 92 89 87 86 86 93 101 110 120 126 127 127 125 121 118 115 112 110 104 98 86 76 75 74 74 76 73 71 70 72 74 78 80 79 79 79 78 79 80 79 80 82 86 88 91 93 97 103 108 114 115 118 116 117 117 113 109 106
69 73 77 82 86 88 89 88 88 86 81 77 75 73 72 70 68 68 70 71 74 77 79 82 87 89 89 87 86 85 82 80 81 86 94 103 114 118 123 120 115 111 109 106 105 102 101 95 85 78 74 72 71 72 71 71 71 69 71 72 73 73 75 74 80 84 85 84 89 92 95 99 100 101 104 107 111 112 114 115 116 116 117 117 115 113
