server/spec/dem-tests/test.asc
ncols        356
nrows        316
xllcorner    10.684204000000
yllcorner    42.934570000000
dx           0.000277744382
dy           0.000278136076
NODATA_value -32768
[rows 190 to 227 of 316, columns 172 to 257 of 356]
157 150 150 149 147 139 134 132 130 130 128 128 129 132 133 137 140 137 138 138 135 133 135 138 144 149 153 159 163 167 171 177 182 186 190 189 188 182 177 175 173 174 172 169 168 163 158 155 146 137 132 127 119 112 108 103 94 88 84 84 86 88 91 94 98 102 103 105 108 114 121 127 132 136 138 142 146 150 154 157 159 163 167 169 169 166
158 157 156 153 143 138 136 131 129 126 124 121 121 123 126 130 133 133 133 133 134 132 134 135 140 145 149 153 157 161 165 172 176 180 188 186 182 180 178 175 177 179 177 173 170 165 160 156 151 146 140 130 124 119 112 106 98 90 84 82 84 85 90 91 95 98 101 104 109 116 122 127 130 133 136 141 145 149 153 155 156 159 161 159 158 154
160 161 154 146 141 134 131 127 125 121 117 118 119 122 126 129 131 130 129 127 125 125 131 133 137 138 137 140 147 151 158 164 171 176 180 181 178 176 176 174 173 174 177 174 171 168 161 160 159 151 145 141 133 127 122 119 106 96 88 83 78 81 87 88 92 98 102 105 109 115 122 128 132 135 138 140 143 146 148 151 155 157 158 155 150 148
158 152 147 141 136 129 126 124 122 118 115 113 116 121 124 127 129 129 127 124 123 123 126 128 132 135 132 134 138 144 151 159 164 167 172 174 174 173 171 170 170 171 172 174 173 170 165 165 164 161 156 148 141 134 128 125 115 103 95 88 82 84 81 83 89 94 99 103 106 112 118 128 135 138 138 138 141 143 147 151 154 157 157 156 153 151
150 144 137 134 129 126 119 116 114 113 112 113 117 120 123 126 127 129 127 123 120 120 121 122 124 125 128 132 137 140 144 147 153 158 164 167 168 171 171 170 168 167 169 174 176 173 169 168 167 166 161 153 146 141 137 127 120 113 103 90 84 80 77 80 87 95 99 102 106 111 120 130 137 137 138 138 140 143 145 149 153 157 158 158 157 155
148 141 135 129 124 119 115 114 111 111 110 111 112 116 120 122 123 123 122 119 117 116 115 116 115 117 122 126 132 137 138 141 145 152 155 160 164 169 172 172 168 166 168 174 179 178 174 172 169 166 162 158 155 150 143 133 124 118 106 93 82 78 77 79 84 92 97 101 104 111 118 126 130 138 141 142 144 148 150 153 157 161 161 160 161 160
143 138 134 128 122 117 114 112 112 112 110 108 108 112 116 119 121 122 123 120 118 115 112 113 114 115 118 125 130 131 133 134 136 140 144 145 149 157 157 159 164 168 172 175 179 180 178 177 172 165 162 158 153 150 140 133 124 118 108 100 86 80 79 80 87 91 96 102 109 114 121 126 128 133 137 139 144 148 151 154 159 166 164 166 168 167
138 134 131 127 124 120 116 112 111 111 108 106 105 108 113 117 121 123 125 125 122 116 109 107 109 111 115 122 124 126 129 130 129 132 133 139 144 141 145 150 158 166 173 175 177 178 181 178 173 168 163 156 150 145 140 133 128 117 104 99 89 81 80 81 85 90 95 103 110 115 119 122 125 127 130 132 137 143 148 152 156 165 169 172 173 175
132 128 125 123 120 119 116 111 108 106 105 102 101 103 108 114 116 120 124 125 122 118 112 110 110 111 112 113 118 120 125 125 125 129 132 134 132 131 133 141 153 164 170 172 176 179 177 174 170 166 160 151 148 144 138 133 123 114 105 99 92 86 81 83 85 89 94 101 108 115 118 120 122 125 128 132 139 141 143 147 154 162 170 175 178 180
127 119 114 113 113 112 110 108 104 103 100 98 97 98 103 108 113 119 123 124 125 120 118 117 113 111 110 108 110 114 121 124 124 122 122 118 123 125 132 139 150 160 169 172 175 174 174 172 168 163 157 150 143 139 139 132 124 115 112 103 96 87 84 83 85 87 92 99 105 110 114 116 116 121 125 130 135 139 141 146 153 160 165 170 176 181
126 120 114 111 106 103 100 98 95 96 95 94 94 96 98 103 111 117 121 122 121 123 122 121 118 117 110 108 108 109 116 117 119 119 117 119 121 122 128 139 148 152 160 165 169 169 170 170 166 161 157 149 140 138 134 131 122 115 108 101 93 86 81 84 87 89 93 98 102 106 108 110 114 119 124 129 136 140 142 145 152 158 163 169 177 178
128 124 120 114 110 102 97 94 91 93 93 93 94 95 97 102 107 113 119 120 121 124 125 125 123 119 115 109 105 102 106 109 113 116 113 117 120 120 129 134 136 144 152 158 161 166 168 168 169 162 152 145 140 136 130 122 115 110 101 96 91 84 82 86 92 95 96 96 98 105 107 111 117 121 126 131 135 140 142 148 152 157 161 169 173 179
131 129 128 124 120 112 105 100 99 97 98 98 95 95 97 100 104 109 113 116 120 123 126 126 124 122 115 110 104 100 99 103 107 109 113 116 117 124 130 133 133 137 147 152 154 157 159 161 158 151 142 136 131 126 118 111 106 102 97 94 90 87 83 86 89 94 97 98 102 106 110 113 117 121 127 133 136 138 142 147 152 155 158 162 170 176
139 136 134 132 129 123 115 113 110 107 105 101 96 93 93 96 100 104 110 114 119 123 125 126 125 121 116 112 105 100 96 102 106 108 110 113 118 120 122 124 129 132 139 142 142 145 147 148 145 139 132 125 121 115 109 105 102 98 94 90 87 87 86 85 87 92 96 99 103 106 109 110 115 121 128 132 134 139 144 151 153 155 158 162 166 173
141 140 140 139 135 128 125 123 121 117 113 108 100 97 94 94 100 105 108 111 116 123 127 130 128 124 119 114 107 102 100 101 103 105 105 108 107 108 110 111 113 121 127 130 132 136 138 136 132 128 120 116 113 110 105 101 98 92 89 84 83 84 84 84 88 92 97 101 103 108 111 112 116 118 122 128 133 139 146 151 154 157 157 159 164 170
140 139 138 138 135 130 127 123 120 116 110 104 100 94 90 91 95 101 106 110 115 122 127 133 133 129 122 115 111 105 99 95 95 95 98 103 101 102 103 107 110 116 123 128 128 128 128 126 120 114 110 108 107 106 103 99 94 90 83 81 78 78 80 82 88 95 103 106 109 111 116 119 121 122 123 128 132 137 141 145 151 155 156 155 156 159
134 133 133 133 130 127 124 119 114 109 100 95 91 89 87 89 92 95 101 108 112 118 125 131 132 133 129 122 116 110 102 95 91 89 92 95 97 99 102 106 110 114 122 122 121 121 121 118 110 103 101 100 100 101 98 95 89 85 81 77 75 74 78 83 88 95 101 107 111 113 116 119 120 120 121 123 127 131 136 139 145 146 141 144 150 158
128 127 128 126 123 120 117 114 109 103 96 91 86 83 83 86 90 94 100 104 109 115 121 127 134 133 128 123 119 114 109 102 97 89 85 87 89 90 98 105 110 111 115 118 116 118 116 115 109 104 102 97 93 91 88 86 82 82 81 77 75 75 79 85 90 93 98 103 107 109 109 105 107 108 113 117 124 131 136 139 141 140 142 143 147 149
123 122 122 121 116 112 110 108 105 101 96 90 86 83 86 88 92 98 103 106 110 114 120 124 130 131 133 130 124 120 115 111 107 98 89 84 82 88 93 96 102 104 108 108 110 109 111 110 107 104 102 99 94 87 83 79 79 79 81 76 75 76 79 85 91 96 98 100 102 101 99 98 102 105 108 111 117 125 131 135 134 134 135 145 143 144
118 114 113 112 110 107 105 103 101 98 93 90 87 86 87 88 92 96 102 106 110 113 116 119 125 131 138 133 131 125 123 124 118 109 98 89 87 91 92 93 97 99 100 99 100 104 104 101 99 98 95 93 91 88 85 81 78 78 77 75 74 71 74 77 83 89 90 91 92 94 95 94 93 96 98 104 110 111 121 128 131 130 135 138 141 143
115 109 104 102 104 104 103 99 95 92 89 89 89 89 91 92 94 97 100 103 107 111 115 121 126 130 134 137 134 130 126 123 117 110 105 102 94 90 91 93 93 95 96 96 97 97 96 96 91 91 90 85 83 81 79 79 78 80 78 77 74 70 70 72 76 80 84 87 89 91 91 89 93 96 98 98 101 109 115 119 124 129 131 136 139 140
110 104 100 97 100 103 103 102 101 96 92 89 88 87 89 92 94 94 96 98 101 105 113 118 121 126 129 128 126 126 122 116 109 101 99 97 94 90 91 94 96 96 100 101 102 101 100 99 94 90 88 83 80 78 77 75 76 78 77 76 75 72 72 72 76 80 84 87 89 92 94 97 101 101 100 102 105 110 112 118 123 133 138 140 141 142
109 104 98 95 98 99 100 102 100 99 94 90 87 85 86 88 91 94 95 96 99 105 111 112 113 114 115 117 117 115 111 108 103 98 95 90 88 90 90 92 94 97 98 102 107 108 108 106 102 100 96 89 87 83 78 75 74 75 75 74 74 74 74 76 80 83 86 89 92 95 101 105 109 107 107 109 111 119 122 125 126 131 133 136 140 144
112 105 98 92 90 91 94 95 95 92 90 87 85 83 83 87 91 96 98 100 102 106 109 108 105 103 102 102 105 102 100 98 95 93 90 88 88 92 89 93 96 98 99 102 106 111 113 114 112 109 108 102 96 90 83 80 77 70 71 73 72 74 80 82 85 86 91 94 99 106 111 114 114 115 115 118 122 127 128 129 132 135 138 140 144 150
111 105 100 94 89 85 84 87 88 88 85 84 83 82 83 87 93 99 103 105 106 108 109 104 100 98 96 94 95 95 94 92 92 86 82 82 80 82 87 92 95 100 102 106 111 112 113 114 114 113 113 110 104 95 87 81 75 68 66 67 69 72 80 82 86 90 95 99 104 111 115 118 119 120 121 125 128 129 129 132 135 136 139 145 148 150
110 107 101 96 89 85 82 84 81 80 77 75 77 78 81 88 96 102 107 110 111 111 108 101 97 93 91 90 90 90 90 91 87 82 81 79 78 77 81 86 94 99 105 110 113 113 113 112 111 109 110 106 101 96 87 81 75 71 67 69 71 74 82 83 87 92 98 101 102 107 112 115 118 120 121 125 128 129 129 134 136 139 143 146 151 153
111 106 101 95 91 89 85 81 76 73 70 70 73 76 80 88 95 101 105 109 111 111 108 102 94 89 87 85 84 84 83 83 81 80 78 78 79 81 81 87 92 97 101 105 111 113 112 112 108 105 102 95 91 87 83 79 70 66 67 67 70 76 82 85 93 96 100 103 104 105 108 112 114 117 121 126 129 131 135 137 139 142 145 148 154 159
111 106 102 97 93 90 86 81 77 74 71 71 73 78 85 92 97 100 102 106 108 107 106 101 95 88 85 83 81 79 80 81 81 77 76 76 80 82 84 83 89 92 97 101 106 108 108 105 101 93 88 85 82 78 74 72 68 66 66 66 70 76 81 83 88 93 97 100 101 103 106 111 117 121 124 131 135 136 136 138 140 141 141 142 144 149
107 103 100 97 94 92 90 86 83 81 77 76 77 81 87 92 98 101 104 103 105 108 110 107 103 95 86 80 77 73 71 72 75 78 78 75 76 78 83 83 86 91 95 102 102 100 99 95 91 85 81 80 77 74 72 71 67 69 69 72 76 78 77 80 83 88 92 95 98 102 106 112 117 122 126 127 127 129 130 130 130 128 129 127 125 128
108 108 105 103 101 100 99 93 90 86 82 82 81 82 86 91 95 98 102 103 103 103 103 105 105 99 92 84 76 72 69 67 67 72 72 74 74 76 79 81 80 85 91 93 94 92 91 88 84 82 79 76 75 73 71 69 72 73 75 77 77 76 73 73 77 82 87 90 92 96 100 104 107 111 116 119 119 119 119 118 117 116 117 119 125 128
114 114 112 111 107 104 104 103 96 94 89 88 85 82 84 88 90 95 99 102 103 101 99 99 100 98 95 89 82 75 71 67 65 66 68 67 71 73 74 76 76 78 82 84 84 83 81 81 79 77 74 72 72 72 69 65 66 70 72 74 75 74 73 73 72 74 80 83 86 89 93 96 99 101 103 107 111 113 114 112 112 113 115 120 125 131
119 116 112 112 110 108 105 104 102 96 89 85 82 76 76 77 82 82 88 93 95 95 94 94 93 92 90 87 84 79 73 68 66 64 64 63 68 72 76 75 76 77 79 79 79 77 78 77 75 73 70 70 70 71 68 65 64 65 65 71 72 73 75 74 74 75 78 83 88 90 92 94 95 98 100 104 107 110 109 109 109 111 113 118 122 130
123 120 118 114 111 108 106 100 97 91 83 75 71 69 67 67 68 68 75 81 84 87 88 87 86 83 81 76 78 77 73 69 67 65 63 64 67 67 70 71 72 73 73 76 75 75 74 74 73 72 69 69 69 70 64 66 63 65 68 74 73 73 78 79 81 82 84 88 90 92 93 96 101 102 105 108 108 108 108 106 105 107 112 120 127 133
119 116 113 111 106 101 97 92 86 80 79 76 73 71 69 66 63 63 63 69 73 77 79 79 78 75 74 72 72 72 70 68 65 64 61 61 61 62 67 63 66 66 69 71 72 74 73 72 71 68 67 68 67 61 63 66 64 65 71 71 73 72 73 78 82 85 88 92 95 97 97 97 101 104 107 109 110 113 111 106 103 107 111 116 123 131
112 106 102 100 96 92 91 85 81 81 81 82 80 76 72 69 67 67 65 65 65 66 70 72 71 68 66 64 65 68 69 67 66 64 63 60 60 64 64 64 65 65 68 69 69 70 71 70 69 66 66 63 63 62 63 63 65 66 72 76 74 74 75 76 83 85 88 92 99 103 106 112 113 114 115 116 116 117 116 113 112 115 118 122 126 133
106 101 99 98 92 87 92 90 82 83 88 88 86 85 80 74 71 71 69 67 65 64 65 67 66 64 63 64 66 67 69 71 69 68 65 62 60 58 59 60 62 67 70 72 71 71 69 71 71 67 65 62 63 65 64 64 62 67 70 75 79 78 78 78 83 86 90 97 101 105 109 113 117 119 120 120 121 123 121 121 122 124 129 131 133 135
107 101 96 94 95 95 94 95 97 97 98 98 98 96 91 84 80 76 76 75 72 68 64 63 62 64 65 65 67 69 69 70 70 69 66 63 61 62 64 66 67 70 72 74 73 70 70 69 68 67 66 66 65 63 64 61 64 68 72 75 81 83 86 89 89 94 95 98 103 106 111 117 121 122 123 125 127 129 128 128 129 131 132 134 135 135
111 106 103 102 101 107 109 110 111 111 111 109 107 103 100 94 86 82 83 83 80 75 71 65 62 61 62 63 64 64 64 64 65 67 65 66 67 68 71 72 72 73 74 74 73 69 66 65 65 66 69 68 64 62 63 65 65 68 71 75 79 83 86 92 97 103 104 104 108 110 114 120 125 129 130 131 132 137 137 134 135 136 138 140 141 139
