server/spec/dem-tests/test.asc
ncols        356
nrows        316
xllcorner    10.684204000000
yllcorner    42.934570000000
dx           0.000277744382
dy           0.000278136076
NODATA_value -32768
[rows 228 to 265 of 316, columns 172 to 257 of 356]
117 115 114 115 114 113 115 116 118 119 118 115 111 109 107 102 95 91 89 88 86 81 78 74 69 66 65 63 62 62 63 63 65 66 66 67 67 70 72 74 72 73 72 70 69 64 65 65 66 67 67 64 62 62 61 64 65 70 73 77 82 87 93 97 101 103 106 109 113 117 120 123 127 130 133 138 141 142 146 146 148 147 149 152 149 144
126 124 123 122 122 122 124 124 126 125 124 121 117 115 112 108 103 98 96 95 94 89 85 81 76 72 69 67 66 66 66 65 62 63 63 66 68 71 75 75 75 75 71 68 66 68 66 67 68 69 72 68 61 59 60 61 65 71 74 79 85 88 93 97 102 106 109 111 116 121 125 129 132 135 138 140 145 149 152 156 159 161 162 160 157 155
131 127 127 127 126 127 132 135 135 134 132 128 123 120 115 111 108 104 103 101 100 98 90 86 83 78 76 75 73 74 72 68 63 63 61 64 67 69 70 74 75 73 72 68 66 65 64 67 70 74 73 71 63 56 52 54 63 73 77 82 87 90 93 97 103 108 112 116 119 122 126 130 133 134 136 140 145 150 155 160 164 166 167 166 164 160
128 124 124 126 128 130 133 135 136 133 130 127 122 120 120 116 111 107 105 103 103 101 95 90 90 89 87 83 82 78 73 68 63 61 62 63 63 63 65 66 69 70 70 66 66 64 65 66 72 71 71 67 60 57 54 55 61 68 72 79 85 87 91 97 103 108 111 115 120 125 127 133 137 139 141 145 149 154 157 161 164 167 168 168 166 164
125 126 127 127 127 128 128 129 127 123 120 118 118 117 118 116 111 111 108 105 102 100 96 91 91 90 88 85 81 78 74 67 62 61 62 61 61 61 65 66 66 66 66 65 65 63 64 65 66 63 63 61 57 55 56 58 62 64 70 73 77 82 90 100 109 113 116 118 121 123 127 131 136 138 142 148 154 157 160 162 164 167 168 166 166 166
129 128 128 125 122 118 117 114 114 113 112 112 110 111 109 110 111 106 104 102 101 100 99 95 92 88 85 83 78 76 73 67 62 59 59 58 60 61 65 66 67 64 66 66 63 62 64 64 64 63 61 58 55 54 57 59 62 65 66 68 72 78 84 90 101 109 113 117 121 123 125 131 136 139 142 147 153 157 161 161 162 164 165 166 167 167
127 125 122 120 114 110 107 107 104 104 105 101 98 98 98 99 101 104 106 107 108 108 104 101 93 86 80 77 75 74 70 67 63 59 58 56 56 57 59 61 62 61 62 60 61 62 63 66 68 65 62 57 52 49 51 56 61 63 66 69 72 77 81 85 93 100 105 111 116 120 124 129 134 138 142 145 151 151 150 151 156 160 161 163 166 168
129 127 124 118 113 110 106 104 102 99 99 98 96 94 93 93 96 99 103 108 109 109 103 94 87 79 74 72 69 68 69 66 64 58 54 53 54 59 62 63 63 62 64 66 62 64 67 69 70 68 64 61 55 50 49 53 58 60 63 68 73 75 79 85 89 94 97 103 109 113 117 122 129 134 136 137 140 143 144 146 144 150 154 158 158 161
130 126 122 119 114 112 109 105 101 99 97 96 95 94 97 97 96 98 102 104 101 99 94 89 84 77 72 70 68 66 64 64 60 59 57 53 54 58 61 62 63 63 64 65 66 66 69 70 71 70 68 64 57 53 49 50 54 58 64 67 70 74 77 83 87 90 95 100 108 112 115 120 123 127 129 129 130 132 134 137 140 142 145 148 151 154
129 124 121 119 115 112 108 105 102 98 95 93 92 91 95 94 94 97 99 101 97 92 86 80 77 73 69 66 64 62 60 59 57 54 53 53 49 53 58 63 64 67 68 67 65 65 69 67 68 68 66 64 61 58 54 52 53 57 59 62 66 69 73 77 82 87 92 99 104 109 113 116 118 120 124 122 121 123 126 129 131 135 137 140 143 146
134 129 127 123 119 116 110 108 105 101 98 95 92 90 90 90 89 88 90 90 89 84 80 75 73 70 66 64 60 58 57 57 56 57 56 54 54 52 60 64 65 65 67 67 66 68 68 66 63 65 65 65 64 59 57 56 57 57 59 57 59 60 67 72 76 83 91 95 99 104 107 111 113 114 118 119 116 116 118 120 123 127 131 136 140 141
139 135 132 128 125 121 115 111 108 104 101 100 97 93 85 82 78 76 76 77 77 77 74 73 71 69 66 67 67 64 58 56 54 53 53 51 52 55 61 63 65 65 66 66 67 67 68 67 65 63 64 62 62 60 61 60 59 57 55 56 56 56 61 67 73 77 83 90 96 101 105 108 107 109 111 112 113 113 114 116 118 122 126 131 135 137
141 138 135 134 130 128 123 118 113 108 104 101 98 94 88 82 75 72 72 73 73 72 72 72 70 69 66 65 67 66 62 59 56 55 51 50 51 54 59 62 63 65 63 62 63 63 65 67 65 63 65 65 63 61 60 57 58 56 56 58 58 59 63 68 71 74 79 85 91 95 95 97 99 100 102 104 106 109 111 113 115 119 124 128 130 132
146 143 139 137 134 134 128 119 115 113 109 104 99 96 92 88 83 80 76 75 73 69 68 66 67 69 68 65 66 66 63 61 61 57 53 50 51 54 58 60 61 61 61 63 61 59 59 61 60 63 62 63 62 58 57 56 58 58 56 59 60 63 64 67 70 74 78 83 88 90 91 93 95 97 98 99 100 101 101 104 110 113 122 126 128 129
149 145 143 143 142 137 130 124 122 118 115 109 105 102 98 95 91 89 84 80 77 73 69 66 65 67 68 68 67 67 66 65 63 60 54 49 48 50 54 57 58 59 61 62 63 58 55 54 56 56 59 56 53 51 50 53 57 57 57 59 60 61 61 62 64 66 71 76 80 82 85 89 91 94 96 99 96 93 92 95 98 102 110 117 123 126
157 156 154 151 147 143 136 132 126 122 117 114 111 107 103 98 94 91 88 85 81 77 71 67 65 63 62 63 64 66 69 68 67 64 57 49 46 49 49 49 51 55 57 59 59 60 60 57 57 56 57 55 53 51 48 49 52 56 59 59 60 62 64 65 65 66 68 69 73 79 84 88 89 91 92 91 92 90 88 89 93 96 99 108 114 120
164 163 159 153 149 147 141 134 129 125 117 113 111 109 105 100 95 92 91 89 85 82 74 68 65 64 62 62 63 66 69 71 69 66 62 51 45 44 47 46 46 49 54 57 59 57 57 60 59 59 57 54 50 48 46 52 53 56 57 58 60 60 61 61 62 61 62 62 66 73 77 82 86 90 89 89 88 85 80 83 86 91 95 102 111 118
166 164 161 153 148 144 140 134 130 126 121 114 110 105 98 94 88 86 87 88 88 86 83 75 69 67 64 62 61 63 67 68 66 64 59 51 43 41 42 42 42 43 48 52 55 55 55 54 54 55 56 51 52 47 45 49 52 54 56 57 58 57 58 58 59 60 59 59 63 65 71 75 80 84 86 85 83 79 78 81 83 88 94 98 106 116
167 166 160 154 147 142 138 135 129 124 117 110 103 100 95 91 86 84 83 83 83 85 84 82 77 72 67 63 59 58 61 64 65 63 60 53 46 42 42 42 41 40 41 44 45 45 44 42 42 43 43 45 48 49 52 50 50 52 54 58 61 60 60 61 60 61 62 63 65 66 68 72 77 81 79 80 74 72 74 78 82 87 93 101 107 113
159 158 156 152 148 140 133 128 125 119 114 110 106 100 95 94 90 86 84 82 81 80 78 76 74 71 68 65 60 58 58 58 58 59 59 56 52 43 43 43 41 39 38 38 38 38 36 35 36 38 39 41 45 47 52 54 55 56 58 62 64 64 63 63 64 64 64 64 65 67 70 70 72 74 75 74 69 70 73 77 81 86 91 99 104 108
150 149 151 148 141 134 130 124 121 115 111 108 104 101 97 96 93 88 85 82 79 76 72 69 66 65 64 62 59 57 56 55 56 55 54 53 51 49 47 43 39 37 36 34 34 33 32 33 34 37 39 41 44 48 52 58 63 63 65 66 69 67 67 65 64 64 66 68 68 68 67 69 70 74 75 72 71 72 73 78 81 86 90 96 102 106
144 143 144 141 136 129 126 121 119 117 114 106 103 100 96 93 91 89 84 78 75 70 67 64 63 61 59 58 56 56 55 55 55 53 50 48 46 46 46 42 38 35 33 32 31 33 34 35 38 41 42 42 44 48 56 61 66 70 73 75 76 74 72 70 71 70 73 74 72 70 67 67 68 69 71 72 71 74 74 75 78 82 86 92 99 105
138 138 136 134 132 129 128 125 121 116 110 104 100 97 92 89 86 82 80 75 71 67 65 65 64 63 61 58 55 53 52 53 54 53 52 50 49 50 47 43 38 35 34 32 32 33 34 36 39 42 45 48 49 53 61 66 67 70 74 78 80 80 79 78 77 78 78 75 72 69 65 63 62 62 65 69 73 74 75 75 76 80 84 91 97 103
130 131 132 133 134 133 130 126 122 117 114 109 104 99 94 89 85 81 78 74 71 70 71 72 72 71 68 66 63 60 58 56 56 55 54 53 53 53 51 47 41 36 32 32 31 30 32 35 39 44 49 52 57 62 68 71 72 73 74 75 79 83 85 84 84 82 80 75 71 69 64 62 60 60 63 70 74 75 78 79 80 80 85 89 95 101
116 120 125 129 133 133 129 125 118 116 112 109 105 99 96 93 89 85 83 80 80 82 82 80 79 78 75 71 67 66 64 63 61 60 58 59 59 58 55 52 47 41 35 34 34 33 31 34 37 44 52 56 61 67 72 78 80 81 81 81 83 86 89 90 88 85 80 72 67 64 62 61 61 62 65 69 75 81 83 85 85 88 90 94 97 102
107 113 121 129 134 133 130 126 121 117 112 109 105 103 100 96 93 92 90 88 90 92 95 91 90 88 86 82 78 75 71 68 65 64 62 63 63 61 59 56 48 43 35 28 21 20 26 35 33 38 44 51 58 62 66 71 75 79 82 84 86 89 91 92 91 87 79 72 65 59 60 60 62 65 68 70 74 79 84 90 90 94 97 100 105 108
105 115 123 131 134 134 131 128 124 121 114 110 106 104 103 101 100 98 98 98 98 99 97 94 91 89 88 89 86 82 76 70 66 65 63 62 62 60 59 57 48 39 33 26 17 18 19 20 30 31 36 44 51 55 57 58 63 68 74 78 81 86 88 88 85 82 77 70 62 58 56 58 61 65 69 73 75 80 85 90 94 98 105 108 112 116
105 113 122 128 132 132 134 130 126 124 121 115 111 107 106 107 108 108 107 105 102 99 97 96 93 93 93 92 86 81 74 69 66 65 65 62 59 57 58 52 44 36 32 24 18 17 17 20 30 34 37 39 44 50 51 52 54 60 63 67 70 73 76 76 74 72 71 66 59 54 52 53 60 65 69 73 76 79 84 89 95 102 108 113 116 119
107 112 119 123 129 134 136 132 129 127 124 121 116 113 111 113 115 114 114 112 108 105 102 101 99 97 92 90 86 79 72 70 66 65 63 61 59 59 60 54 45 36 33 31 21 20 20 30 31 32 34 36 41 44 49 52 55 57 59 61 63 65 66 66 65 64 64 64 56 50 51 54 57 62 65 68 71 75 80 86 91 99 105 109 110 110
105 110 116 124 128 133 133 131 128 126 125 125 124 123 120 120 120 120 122 121 118 114 113 108 104 99 96 90 85 80 75 71 68 67 66 65 66 63 61 56 45 33 30 27 21 20 21 27 29 32 33 34 39 40 43 50 54 57 57 58 57 59 61 61 60 58 57 56 55 48 48 51 55 59 61 64 66 70 75 80 86 91 99 102 105 105
100 107 113 120 126 130 129 128 127 125 123 124 127 128 128 126 127 126 125 126 123 120 116 112 108 104 99 93 88 84 80 77 73 71 71 71 72 68 66 59 48 37 32 29 22 19 18 28 29 31 32 31 31 34 34 39 46 49 51 51 54 56 59 59 57 56 55 53 51 49 50 51 54 59 63 64 64 65 70 78 84 91 96 99 99 98
101 107 114 121 126 130 128 126 126 125 124 123 125 128 130 130 131 131 131 130 123 119 117 113 108 103 99 96 92 88 85 82 80 76 77 76 76 75 74 68 56 45 36 30 25 20 21 26 28 31 31 31 32 32 32 33 39 42 45 48 51 54 56 56 54 52 50 50 51 54 54 56 63 65 67 69 72 73 77 82 89 92 96 98 97 92
106 110 114 119 123 128 127 126 127 125 124 123 124 126 129 132 135 136 135 133 127 122 121 116 110 106 103 99 96 92 88 86 82 81 80 81 82 81 77 71 62 50 39 36 37 33 32 32 31 33 33 31 30 29 29 30 33 36 40 46 49 51 52 52 51 51 50 47 48 53 58 63 66 70 72 76 79 83 86 89 92 95 95 94 92 88
110 114 117 120 122 122 120 121 121 122 125 127 127 125 127 131 137 140 142 141 136 130 126 122 115 110 102 99 98 94 91 89 87 85 85 83 82 78 75 69 64 59 52 45 42 39 37 38 39 37 35 31 28 26 27 29 30 32 36 43 47 48 49 49 49 49 50 50 52 54 61 65 70 75 78 84 91 97 97 96 96 96 97 94 90 84
111 115 117 118 116 114 112 108 108 111 117 123 125 126 129 132 136 142 147 148 146 141 133 124 120 113 109 106 104 101 97 93 92 91 88 87 84 80 74 69 64 61 54 47 43 40 40 40 41 39 36 32 27 26 26 27 28 30 33 42 45 48 50 48 47 46 46 47 50 56 64 67 73 79 82 88 92 97 99 106 103 101 97 95 92 87
109 109 108 107 107 106 102 99 103 109 113 115 121 126 130 135 139 144 148 153 150 145 135 129 124 120 118 115 112 107 103 99 97 95 90 85 82 79 80 78 74 68 61 53 48 43 40 40 40 39 36 32 29 28 28 27 27 28 29 31 36 45 47 48 44 45 48 51 57 59 63 67 70 76 79 85 88 94 99 106 108 108 103 99 95 87
103 102 100 100 99 98 96 97 104 111 111 114 119 125 130 137 142 146 150 150 147 144 139 135 130 129 126 123 122 112 111 109 107 102 95 89 85 84 82 82 79 73 67 63 56 52 49 45 43 39 37 34 31 30 29 28 28 28 27 27 29 37 41 45 46 46 48 52 57 60 63 67 70 75 81 88 94 97 98 103 104 107 105 97 95 88
96 98 95 95 96 95 96 101 104 108 112 118 121 127 129 134 138 142 147 147 147 145 140 137 135 131 128 125 125 121 119 117 113 107 102 99 93 90 90 85 80 78 77 71 70 66 62 56 49 46 40 37 34 31 32 31 28 26 25 26 28 30 37 41 42 46 47 51 55 60 63 68 73 80 87 93 97 101 103 106 108 108 102 102 95 90
